scrip,company,headline,summary,published_date,source,url
DISHTV,Dish TV India Limited,Not Many Are Piling Into Dish TV India Limited (NSE:DISHTV) Just Yet - simplywall.st,"<a href=""https://news.google.com/rss/articles/CBMi0AFBVV95cUxNN09EOXN2emh2dTVtZzgta0h1U3Z4UTVBeGh1VmxSZnpIbzdaNF9RZTNWUjFrNTZRRnRxZWp3OVE3U3FQMFFHeE8xR0hrVFN1ZEMtUFR1VWJNOU1SUmRaMjk0bjV5M1hwNHlDM1NrYnlaLThEazlWLW9feXBBNUZycGN4SGpMdGFXem5Cc2V5X1Y2a3psSUk4bnV0TmJaRy1tS0JBUGxKdDhQMmtxTnVDdG9WaS1xaWI3RnNCb1pfZlRzc0d4MlBEMWNlUHBrTjhj?oc=5"" target=""_blank"">Not Many Are Piling Into Dish TV India Limited (NSE:DISHTV) Just Yet</a>&nbsp;&nbsp;<font color=""#6f6f6f"">simplywall.st</font>",2026-01-22 08:00:00,simplywall.st,https://news.google.com/rss/articles/CBMi0AFBVV95cUxNN09EOXN2emh2dTVtZzgta0h1U3Z4UTVBeGh1VmxSZnpIbzdaNF9RZTNWUjFrNTZRRnRxZWp3OVE3U3FQMFFHeE8xR0hrVFN1ZEMtUFR1VWJNOU1SUmRaMjk0bjV5M1hwNHlDM1NrYnlaLThEazlWLW9feXBBNUZycGN4SGpMdGFXem5Cc2V5X1Y2a3psSUk4bnV0TmJaRy1tS0JBUGxKdDhQMmtxTnVDdG9WaS1xaWI3RnNCb1pfZlRzc0d4MlBEMWNlUHBrTjhj?oc=5
DISHTV,Dish TV India Limited,"Dish TV Q2 results: Net loss widens to ₹132.6 crore, revenue drops 26.4% - Business Standard","<a href=""https://news.google.com/rss/articles/CBMi5AFBVV95cUxQTzdQV2Q2dThBdDJ4YWh1RzR1Q0o1bmVVQXR1RmUtakdHVGstcEtVQmxlSmVLQkdocHBaa2NzcjlMREVoVzQxVVdvdlllNGNVNjdleXhsZDd2anU3eTc2RGpaR0F6aUJkN0V4ZTdWSzloSkJCM0EtS21DZ3JHRnBHVEc3ODlsRnpfZ0RWWVNBc082SlZacWJoNTRUUmVMMDVoWWtXYWZvRVpiMWl2Y2lrLUFsZlVwdXRNZDJBNmFiUHVIOWFnc0dnZDYydFNEbTdZRXFOT0UxZzByRkkzYVZaaWhjUTXSAeoBQVVfeXFMUDFwaWhxUFI0aFF4RENjODZuQ19rQ0lteE5mTXVMdjZEazZHWlVSbU1xUnF6Nmozd1RqZUlDczB0cTNpYm9nZVNtMGVTUXNSMWl2LWt1MGdJM05UNDhnRDBNN1pKemhWVC1iRUtLeWZyUDhWLWVIMzdYRkZYOE1oTUxzTURIaFhHNWN2LW92V2tubl9mVUM0N185S2ZRTjVWSzJDTFFkVFBmWXdBeXdkNFJKbzVYRXRBeUVmc1NVUnFHWWhBQTdYay1CZ1JKa0MzUDZFQkFCSzJZZFhkZzNQSmFYTGZQZlkxQzFB?oc=5"" target=""_blank"">Dish TV Q2 results: Net loss widens to ₹132.6 crore, revenue drops 26.4%</a>&nbsp;&nbsp;<font color=""#6f6f6f"">Business Standard</font>",2025-11-15 08:00:00,Business Standard,https://news.google.com/rss/articles/CBMi5AFBVV95cUxQTzdQV2Q2dThBdDJ4YWh1RzR1Q0o1bmVVQXR1RmUtakdHVGstcEtVQmxlSmVLQkdocHBaa2NzcjlMREVoVzQxVVdvdlllNGNVNjdleXhsZDd2anU3eTc2RGpaR0F6aUJkN0V4ZTdWSzloSkJCM0EtS21DZ3JHRnBHVEc3ODlsRnpfZ0RWWVNBc082SlZacWJoNTRUUmVMMDVoWWtXYWZvRVpiMWl2Y2lrLUFsZlVwdXRNZDJBNmFiUHVIOWFnc0dnZDYydFNEbTdZRXFOT0UxZzByRkkzYVZaaWhjUTXSAeoBQVVfeXFMUDFwaWhxUFI0aFF4RENjODZuQ19rQ0lteE5mTXVMdjZEazZHWlVSbU1xUnF6Nmozd1RqZUlDczB0cTNpYm9nZVNtMGVTUXNSMWl2LWt1MGdJM05UNDhnRDBNN1pKemhWVC1iRUtLeWZyUDhWLWVIMzdYRkZYOE1oTUxzTURIaFhHNWN2LW92V2tubl9mVUM0N185S2ZRTjVWSzJDTFFkVFBmWXdBeXdkNFJKbzVYRXRBeUVmc1NVUnFHWWhBQTdYay1CZ1JKa0MzUDZFQkFCSzJZZFhkZzNQSmFYTGZQZlkxQzFB?oc=5
DISHTV,Dish TV India Limited,Dish TV India Limited's (NSE:DISHTV) largest shareholders are retail investors who were rewarded as market cap surged ₹1.1b last week - simplywall.st,"<a href=""https://news.google.com/rss/articles/CBMi0AFBVV95cUxNXzg4alU4V0UxVzVSVTEtN3kwU0M5NTlwQmhWVjNyTFVmcmNMSDZDV2xOSldZSFpqTWZBbDEtc3JNbjNEenVqdDdqdzVpTmlQXzh0SkFhUGJ6X2g3YXU1clRvSVp6MHMzUkUtU3dGMUNMdEJVZ0hBQnNQUXJhOUh2OThIOUE4OUszQUF0cUtYeTV6XzdqemRYODFRMmNLUWxpQlQtU3R2QTVTNENyaVhmVVM5NkI4QlJka2F6MUpFQVBWRGZ6Z3I2U0FDS2ZSeW1Y0gHWAUFVX3lxTFBJQjRiNUtfMmhSNDRsUXAzREp2bjZsSWUxRWRyN3drU3UwSGJWTWxRT05Ia1RQSnpMQkFVTmFscHRsbk80ZndZa2lVUmJaYTk2MTI2U2dfTGpoZmdLZC1ST1JGNzdsbEV4eHFIdllETFJOMzRFUFIzVDVHRHZYZF8xeU9UbXBlZDVSeUU0WWhzNFY1aUZlRUk1bUY4SzhrTUdpd3NIOFZYU19ySVNyLTJlRXhKU3dXVjlrOEQ4VVNiVFdadWp2UzN5SUkyRjJHdjY2N2tlUkE?oc=5"" target=""_blank"">Dish TV India Limited's (NSE:DISHTV) largest shareholders are retail investors who were rewarded as market cap surged ₹1.1b last week</a>&nbsp;&nbsp;<font color=""#6f6f6f"">simplywall.st</font>",2025-07-09 07:00:00,simplywall.st,https://news.google.com/rss/articles/CBMi0AFBVV95cUxNXzg4alU4V0UxVzVSVTEtN3kwU0M5NTlwQmhWVjNyTFVmcmNMSDZDV2xOSldZSFpqTWZBbDEtc3JNbjNEenVqdDdqdzVpTmlQXzh0SkFhUGJ6X2g3YXU1clRvSVp6MHMzUkUtU3dGMUNMdEJVZ0hBQnNQUXJhOUh2OThIOUE4OUszQUF0cUtYeTV6XzdqemRYODFRMmNLUWxpQlQtU3R2QTVTNENyaVhmVVM5NkI4QlJka2F6MUpFQVBWRGZ6Z3I2U0FDS2ZSeW1Y0gHWAUFVX3lxTFBJQjRiNUtfMmhSNDRsUXAzREp2bjZsSWUxRWRyN3drU3UwSGJWTWxRT05Ia1RQSnpMQkFVTmFscHRsbk80ZndZa2lVUmJaYTk2MTI2U2dfTGpoZmdLZC1ST1JGNzdsbEV4eHFIdllETFJOMzRFUFIzVDVHRHZYZF8xeU9UbXBlZDVSeUU0WWhzNFY1aUZlRUk1bUY4SzhrTUdpd3NIOFZYU19ySVNyLTJlRXhKU3dXVjlrOEQ4VVNiVFdadWp2UzN5SUkyRjJHdjY2N2tlUkE?oc=5
DISHTV,Dish TV India Limited,Dish TV India Q2 FY26: Losses Deepen as Revenue Decline Accelerates - Markets Mojo,"<a href=""https://news.google.com/rss/articles/CBMiwAFBVV95cUxQVGVkMjZnd0xWbXBZbWN6S2lIWWM5VC1sWHV6SThBQUZ3WTU4dWhjd1lFSlhzRHByc29NbkQyV0RUSll6bndzaFBVdUs5cUlLTXhQbklEQ1RqY19EQ3NMRk5iYmRNYW9hUkhMdUtZWDJpT1lhRjg1anMyUEMzRndKa2ZLdG9EZUxBTlVxcEFWTTFWcWV3dWVYOXFKanhQdGc5YTJDaTZrSXY0b3hSX2dhOVpNOUhON1pCd21pVDQ0bnI?oc=5"" target=""_blank"">Dish TV India Q2 FY26: Losses Deepen as Revenue Decline Accelerates</a>&nbsp;&nbsp;<font color=""#6f6f6f"">Markets Mojo</font>",2025-11-18 08:00:00,Markets Mojo,https://news.google.com/rss/articles/CBMiwAFBVV95cUxQVGVkMjZnd0xWbXBZbWN6S2lIWWM5VC1sWHV6SThBQUZ3WTU4dWhjd1lFSlhzRHByc29NbkQyV0RUSll6bndzaFBVdUs5cUlLTXhQbklEQ1RqY19EQ3NMRk5iYmRNYW9hUkhMdUtZWDJpT1lhRjg1anMyUEMzRndKa2ZLdG9EZUxBTlVxcEFWTTFWcWV3dWVYOXFKanhQdGc5YTJDaTZrSXY0b3hSX2dhOVpNOUhON1pCd21pVDQ0bnI?oc=5
DISHTV,Dish TV India Limited,"Dish TV India Triumphs in CESTAT Ruling, ₹56.47 Lakh Duty Demand Nullified - scanx.trade","<a href=""https://news.google.com/rss/articles/CBMixAFBVV95cUxPeGd6ZUhEa3A0Zmo2V3oxS2QtMzM3anE5enIyWWFvczliZy1Sem1NUEZlWFU2VEZTdU1MeUlNV1ZJYlVwZ2N4azFkWVFBVmw5cG9xeDk5VFpUQXhMaHlnYnZ2QTZIZVNHMWdkcHNBdHpLY294cU5QZHAyUEdNZFBwd1RtOVdvdzFrdGxFbkJMNkloUXBCNnViYl80c09kR3dHdndQSGRSSmVaXzBjeS1hV2txbjlJVGVPQUZuQmY1ZnVZazJX?oc=5"" target=""_blank"">Dish TV India Triumphs in CESTAT Ruling, ₹56.47 Lakh Duty Demand Nullified</a>&nbsp;&nbsp;<font color=""#6f6f6f"">scanx.trade</font>",2025-10-06 07:00:00,scanx.trade,https://news.google.com/rss/articles/CBMixAFBVV95cUxPeGd6ZUhEa3A0Zmo2V3oxS2QtMzM3anE5enIyWWFvczliZy1Sem1NUEZlWFU2VEZTdU1MeUlNV1ZJYlVwZ2N4azFkWVFBVmw5cG9xeDk5VFpUQXhMaHlnYnZ2QTZIZVNHMWdkcHNBdHpLY294cU5QZHAyUEdNZFBwd1RtOVdvdzFrdGxFbkJMNkloUXBCNnViYl80c09kR3dHdndQSGRSSmVaXzBjeS1hV2txbjlJVGVPQUZuQmY1ZnVZazJX?oc=5
DISHTV,Dish TV India Limited,"Dish TV launches VZY Smart TVs, aims 25% revenue share from non-DTH by 2027 - The Economic Times","<a href=""https://news.google.com/rss/articles/CBMi9AFBVV95cUxOOVBUMWQzbk4yYXg3dGY4WHl4akt6Q0FFOXlqcFR3d25jMUV6TFdhQWRuanV1dV9ULUhzOFhQbkl4SFlZS0tGNldETzZoOVpJN2JleFpTY2t2VXZUYXFWTFJ3RzQtMzEwSmJsdzdhNV9wRm01Z0FpRVB4LTZ5Z2xORHloWWlZQXcybGxnbzRxUFFsUjFDcUduNlgwb1JwRXhNVkZneFY1ZXZmdGl5QmkyVXpmU1RkZmpHbHFFSUpqVHJqYzg3VzVlQlNtM29hd2lUd3VNcms1QUZQd04zTVp4cmc1OTllWm01T0NjS3BBX1FyQjRL0gH6AUFVX3lxTFBGOXZwNDNVT1h5WWt2LUpOODEwVU16T01pcDBKUHM3TF85X19hYjBvVWc5TTlibmM0b3U4LTRITWZpWmswVTVtRVd4akV0aE5DOHF5dDVOVEVqX3J2SGVYY0E1bEpqRDBWS1d1NGlmZEszTUVJcEpsSzJWUXI1NGVacFl6RTItTXc1emNXNlNEc2dGVDMwaHNBWXllTnczai01UjZQVm9pdVR4cE5RVGxBSnY2XzU4VC1XODBvbVRoSzZyUko5Nm93TDRqajNqcmt0cU5sMVc0QllMd2R0Z0dMR1hmeVdTemlHLUxielhmNUp1SVdaNkFaSHc?oc=5"" target=""_blank"">Dish TV launches VZY Smart TVs, aims 25% revenue share from non-DTH by 2027</a>&nbsp;&nbsp;<font color=""#6f6f6f"">The Economic Times</font>",2025-09-07 07:00:00,The Economic Times,https://news.google.com/rss/articles/CBMi9AFBVV95cUxOOVBUMWQzbk4yYXg3dGY4WHl4akt6Q0FFOXlqcFR3d25jMUV6TFdhQWRuanV1dV9ULUhzOFhQbkl4SFlZS0tGNldETzZoOVpJN2JleFpTY2t2VXZUYXFWTFJ3RzQtMzEwSmJsdzdhNV9wRm01Z0FpRVB4LTZ5Z2xORHloWWlZQXcybGxnbzRxUFFsUjFDcUduNlgwb1JwRXhNVkZneFY1ZXZmdGl5QmkyVXpmU1RkZmpHbHFFSUpqVHJqYzg3VzVlQlNtM29hd2lUd3VNcms1QUZQd04zTVp4cmc1OTllWm01T0NjS3BBX1FyQjRL0gH6AUFVX3lxTFBGOXZwNDNVT1h5WWt2LUpOODEwVU16T01pcDBKUHM3TF85X19hYjBvVWc5TTlibmM0b3U4LTRITWZpWmswVTVtRVd4akV0aE5DOHF5dDVOVEVqX3J2SGVYY0E1bEpqRDBWS1d1NGlmZEszTUVJcEpsSzJWUXI1NGVacFl6RTItTXc1emNXNlNEc2dGVDMwaHNBWXllTnczai01UjZQVm9pdVR4cE5RVGxBSnY2XzU4VC1XODBvbVRoSzZyUko5Nm93TDRqajNqcmt0cU5sMVc0QllMd2R0Z0dMR1hmeVdTemlHLUxielhmNUp1SVdaNkFaSHc?oc=5
DISHTV,Dish TV India Limited,"Dish TV enters smart TV market with VZY range, integrates DTH and OTT services - BusinessLine","<a href=""https://news.google.com/rss/articles/CBMi3AFBVV95cUxObWVWVVV0WWwyWWlJX25ub0NjRkVpUzJFVnNzdFd2Ry1hajd1M21NWFBreW5qWVh1Q2tQY0QyOERweHZOOXZ0NHJsRDVpN0d5b1lhS25LbEMxUFJ5TVNkbDZYWlZKY1l6QWNzb1dUYVFDUUh2NGNhbE5ob0FfeUlOd0JHSkpMWENyMDliMFItcXk2aUVEbXJZdHU2cjRoNFZhTG0zdTcyYXdINmdfV1otMk1ELTZ2YTNoOGpVdlp2ajZxZlBJMkxpNEs2bGtwS2plb3pWUW5NSUFDNmhO0gHjAUFVX3lxTE02TGFzVVYwUEtlcmdWYzJiZ0FvVmZ3ZFdRakt6aFUzUF9TTTVCMXVSMXhpdDVNRW12X0lkMV9BS1NsTXNmclM1T0ZLSDJCZGJpSm1aZUdybFNxeHJlUEI3SGtmWHFRS2RMZnlScG82WENUcE1MSFN0WFdnQVQ5Znd4ZGkxUnJBSE9GYnE2YnBzT3g4MmNrWnprYlJSR0l5dzNydzJ4dkREbEhGbVJhaXZVWDM0NU14XzNtX0tIc3doZUZVNDQxQ1o2SGtFWG03UWFUa3FVaUxNMFVEVUhlTnhOZHBr?oc=5"" target=""_blank"">Dish TV enters smart TV market with VZY range, integrates DTH and OTT services</a>&nbsp;&nbsp;<font color=""#6f6f6f"">BusinessLine</font>",2025-09-07 07:00:00,BusinessLine,https://news.google.com/rss/articles/CBMi3AFBVV95cUxObWVWVVV0WWwyWWlJX25ub0NjRkVpUzJFVnNzdFd2Ry1hajd1M21NWFBreW5qWVh1Q2tQY0QyOERweHZOOXZ0NHJsRDVpN0d5b1lhS25LbEMxUFJ5TVNkbDZYWlZKY1l6QWNzb1dUYVFDUUh2NGNhbE5ob0FfeUlOd0JHSkpMWENyMDliMFItcXk2aUVEbXJZdHU2cjRoNFZhTG0zdTcyYXdINmdfV1otMk1ELTZ2YTNoOGpVdlp2ajZxZlBJMkxpNEs2bGtwS2plb3pWUW5NSUFDNmhO0gHjAUFVX3lxTE02TGFzVVYwUEtlcmdWYzJiZ0FvVmZ3ZFdRakt6aFUzUF9TTTVCMXVSMXhpdDVNRW12X0lkMV9BS1NsTXNmclM1T0ZLSDJCZGJpSm1aZUdybFNxeHJlUEI3SGtmWHFRS2RMZnlScG82WENUcE1MSFN0WFdnQVQ5Znd4ZGkxUnJBSE9GYnE2YnBzT3g4MmNrWnprYlJSR0l5dzNydzJ4dkREbEhGbVJhaXZVWDM0NU14XzNtX0tIc3doZUZVNDQxQ1o2SGtFWG03UWFUa3FVaUxNMFVEVUhlTnhOZHBr?oc=5
DISHTV,Dish TV India Limited,"Dish TV India (NSE:DISHTV shareholders incur further losses as stock declines 10% this week, taking three-year losses to 69% - simplywall.st","<a href=""https://news.google.com/rss/articles/CBMi0wFBVV95cUxPZ2hrVlI2MllmVEpDTTdpcHlYTjN5RmNWaXJMbng4eE1iWWpjSi1ITTNDcV96S3FtZEF5S2lJYnQ2cmE2VUVCQkw1NWxuQmk0cDNuOGRmV3pBeVlKYjlwWEdKMWpSNm5iRHdhR242SkVVLWZmSjVhMVFDWnBYdDFsZWp0OHdvY3YweHlTc2NVN0xEV1VEbU90bjd2TlFtR0xVbjNTV3J2M3E2TzhfZS02TnRINm4yZEJxLU01WG9kX3NfVHdTZFo1aFFxSVhkejVfSnpF?oc=5"" target=""_blank"">Dish TV India (NSE:DISHTV shareholders incur further losses as stock declines 10% this week, taking three-year losses to 69%</a>&nbsp;&nbsp;<font color=""#6f6f6f"">simplywall.st</font>",2025-09-25 07:00:00,simplywall.st,https://news.google.com/rss/articles/CBMi0wFBVV95cUxPZ2hrVlI2MllmVEpDTTdpcHlYTjN5RmNWaXJMbng4eE1iWWpjSi1ITTNDcV96S3FtZEF5S2lJYnQ2cmE2VUVCQkw1NWxuQmk0cDNuOGRmV3pBeVlKYjlwWEdKMWpSNm5iRHdhR242SkVVLWZmSjVhMVFDWnBYdDFsZWp0OHdvY3YweHlTc2NVN0xEV1VEbU90bjd2TlFtR0xVbjNTV3J2M3E2TzhfZS02TnRINm4yZEJxLU01WG9kX3NfVHdTZFo1aFFxSVhkejVfSnpF?oc=5
DISHTV,Dish TV India Limited,"Dish TV's Subsidiary Launches VZY Smart TVs, Merging DTH and Streaming Services - scanx.trade","<a href=""https://news.google.com/rss/articles/CBMizAFBVV95cUxOWmJlaHlmNUE3Vk5paldUdThwSlkwajFNZjR2anpSRF83R0FvZmxKU0dta2s2ZWZTT0owQktjZlBnZkVFYUJ5OHNiSWhORnlKT3EzSkNkbjA4V25sOWQzUkJWaTlzZEYyZk9zbTFDOE9lV19LOGE5WlFpQUk5ck5SWE9TZTRYelVoUHJSNmZMSzZxYnZuaTdTX19zUmpyaEhNSDBMQkZxbU1tR2lBdzhQaXhyeFFJNU1Kd3VlQnhfVk02OTRxUi1NcHhEa3g?oc=5"" target=""_blank"">Dish TV's Subsidiary Launches VZY Smart TVs, Merging DTH and Streaming Services</a>&nbsp;&nbsp;<font color=""#6f6f6f"">scanx.trade</font>",2025-09-08 07:00:00,scanx.trade,https://news.google.com/rss/articles/CBMizAFBVV95cUxOWmJlaHlmNUE3Vk5paldUdThwSlkwajFNZjR2anpSRF83R0FvZmxKU0dta2s2ZWZTT0owQktjZlBnZkVFYUJ5OHNiSWhORnlKT3EzSkNkbjA4V25sOWQzUkJWaTlzZEYyZk9zbTFDOE9lV19LOGE5WlFpQUk5ck5SWE9TZTRYelVoUHJSNmZMSzZxYnZuaTdTX19zUmpyaEhNSDBMQkZxbU1tR2lBdzhQaXhyeFFJNU1Kd3VlQnhfVk02OTRxUi1NcHhEa3g?oc=5
DISHTV,Dish TV India Limited,One Analyst Just Downgraded Their Dish TV India Limited (NSE:DISHTV) Forecasts - simplywall.st,"<a href=""https://news.google.com/rss/articles/CBMi0AFBVV95cUxNMGpXT1N2bFNhR3RybDM1bldvRl9EWHhFUG1GWVpRak9lV05EMTFuT0dqa1ZBcXZSTzE0MmlLVGNHVmNkdFRZeS1EaXhZWkN0MC1YRGU3Y1N0WF9xWktVVDY2dEJuWjNXWmNQRjBuS1dtRThjU0NkS3NIRGdFaHRSeGNWTFdpMTFEYUJPWW9fcXJwRkZRZFVKRW5MN3lkbXFBVnJ2cWV1V3RKanlhZGMzOE5QYTQ0eDFXREVLQkJTbFpPZzhHUFNCQnUzVThORUo4?oc=5"" target=""_blank"">One Analyst Just Downgraded Their Dish TV India Limited (NSE:DISHTV) Forecasts</a>&nbsp;&nbsp;<font color=""#6f6f6f"">simplywall.st</font>",2025-06-01 07:00:00,simplywall.st,https://news.google.com/rss/articles/CBMi0AFBVV95cUxNMGpXT1N2bFNhR3RybDM1bldvRl9EWHhFUG1GWVpRak9lV05EMTFuT0dqa1ZBcXZSTzE0MmlLVGNHVmNkdFRZeS1EaXhZWkN0MC1YRGU3Y1N0WF9xWktVVDY2dEJuWjNXWmNQRjBuS1dtRThjU0NkS3NIRGdFaHRSeGNWTFdpMTFEYUJPWW9fcXJwRkZRZFVKRW5MN3lkbXFBVnJ2cWV1V3RKanlhZGMzOE5QYTQ0eDFXREVLQkJTbFpPZzhHUFNCQnUzVThORUo4?oc=5
DISHTV,Dish TV India Limited,"Dish TV India Ltd Dividend: Dish TV India Ltd Interim Dividend, Dividend History and Dividend Payment Date - INDmoney","<a href=""https://news.google.com/rss/articles/CBMidkFVX3lxTE1VMlo0a3hUWkM2aVRrMEFhZGx1M25wb0lUbnJwSHRwQ0ZmanpZMWZ2TjBKNHZDVjBROG5KZlNLWHB0TGEyRy1BdEo4VW5EdVNCdl93OERFeG5HcTJoeGlBVXNyZ1VJaHJNNjJFbTMwMlMxOEo2RVE?oc=5"" target=""_blank"">Dish TV India Ltd Dividend: Dish TV India Ltd Interim Dividend, Dividend History and Dividend Payment Date</a>&nbsp;&nbsp;<font color=""#6f6f6f"">INDmoney</font>",2022-12-09 16:36:01,INDmoney,https://news.google.com/rss/articles/CBMidkFVX3lxTE1VMlo0a3hUWkM2aVRrMEFhZGx1M25wb0lUbnJwSHRwQ0ZmanpZMWZ2TjBKNHZDVjBROG5KZlNLWHB0TGEyRy1BdEo4VW5EdVNCdl93OERFeG5HcTJoeGlBVXNyZ1VJaHJNNjJFbTMwMlMxOEo2RVE?oc=5
DISHTV,Dish TV India Limited,Dish TV India Ltd Results 2025: Dish TV India Ltd Q3 Results & Revenue - INDmoney,"<a href=""https://news.google.com/rss/articles/CBMieEFVX3lxTE5fTkxMRkI5UGpJbE8zTFRRWWxkeDR2eUJwbldmNG10YjdRREI0RGg0N0pEdEFlaWVYX2FRbl9hZm8xWlp2SVhmQl9FMHJESkl1a0pQTlR6UVhHRm80QTJvb2dpYzNqa3FuOVFqejQ2MndmOC1LdWhUcA?oc=5"" target=""_blank"">Dish TV India Ltd Results 2025: Dish TV India Ltd Q3 Results & Revenue</a>&nbsp;&nbsp;<font color=""#6f6f6f"">INDmoney</font>",2024-08-23 21:35:21,INDmoney,https://news.google.com/rss/articles/CBMieEFVX3lxTE5fTkxMRkI5UGpJbE8zTFRRWWxkeDR2eUJwbldmNG10YjdRREI0RGg0N0pEdEFlaWVYX2FRbl9hZm8xWlp2SVhmQl9FMHJESkl1a0pQTlR6UVhHRm80QTJvb2dpYzNqa3FuOVFqejQ2MndmOC1LdWhUcA?oc=5
DISHTV,Dish TV India Limited,Why Dish TV Share Price is Rising - Equitymaster,"<a href=""https://news.google.com/rss/articles/CBMipgFBVV95cUxOOGN2Um8tNmdXNnFBRGZTeTJjWTJnWkUtQkI1X05XQW1VY0xDdk83WTlqeV84WnpvY1N3aEJXS1U1NFN0ZjlSTWxvek11VXdQZUhVQ1B1ZXhPc2VsLUU2VG9fQ2g4TUxNREFOM3lYQU12bjVJTUtfTzZOUUcxZzVOY0ItUnFhMWJERFp6dEFyLWZUMXRmVDFVbk5WM1dCR1hMLURvdGZn?oc=5"" target=""_blank"">Why Dish TV Share Price is Rising</a>&nbsp;&nbsp;<font color=""#6f6f6f"">Equitymaster</font>",2024-06-13 07:00:00,Equitymaster,https://news.google.com/rss/articles/CBMipgFBVV95cUxOOGN2Um8tNmdXNnFBRGZTeTJjWTJnWkUtQkI1X05XQW1VY0xDdk83WTlqeV84WnpvY1N3aEJXS1U1NFN0ZjlSTWxvek11VXdQZUhVQ1B1ZXhPc2VsLUU2VG9fQ2g4TUxNREFOM3lYQU12bjVJTUtfTzZOUUcxZzVOY0ItUnFhMWJERFp6dEFyLWZUMXRmVDFVbk5WM1dCR1hMLURvdGZn?oc=5
DISHTV,Dish TV India Limited,Dish TV reports ₹94.53 crore loss in June quarter; Revenue down nearly 28% - Storyboard18,"<a href=""https://news.google.com/rss/articles/CBMiygFBVV95cUxNQ0lKZzVuR1d5YmdaYlFVOUVTRS1jMkdkTUlQa0tTbFdKUGdXRV9hUURYM2liMEZqcDBQUS15RS1HeEZkY2Ezd2liN1duUnFxaG9qTTJxUllCUHpnUC05LVc5d0hQWlJVbjZQc29xRkNNbWtodzdiRjFIcHpWRVFxZXVrcHo5dDFQVS1ZQXFiRkswS25TT2trZ0ExTktXNXlsdEZGbHl5TVlLS2Q1dnNhX3ZGUVhiRHVKMG94ZmhaX21OWUJLeEpmZU5B0gHPAUFVX3lxTE0wZ3VsdGwtUGVlMGIxeGc4RVIzNERpNVJZOGpfSlJtYV9sWjRXUTZobVVXaUFEcTJJVGc0dzB4Z19mT3c1bXVPbkhKUzFHbEYzakZjWF9uekg4YXViaUlBYzdITzZldHdfeXBXS2dMbnFMUnFkeDFPTWRIbkJacTJUUEhzYVdPWl9zOE8zenVVekVmVmxnSEZXbzFmTDZGUkdTUWFPOTRRNmRHRXJKQThLbTc2ejNndFduN2RvdmZfVUJHWkNrQlhrQmEza2hXVQ?oc=5"" target=""_blank"">Dish TV reports ₹94.53 crore loss in June quarter; Revenue down nearly 28%</a>&nbsp;&nbsp;<font color=""#6f6f6f"">Storyboard18</font>",2025-08-13 07:00:00,Storyboard18,https://news.google.com/rss/articles/CBMiygFBVV95cUxNQ0lKZzVuR1d5YmdaYlFVOUVTRS1jMkdkTUlQa0tTbFdKUGdXRV9hUURYM2liMEZqcDBQUS15RS1HeEZkY2Ezd2liN1duUnFxaG9qTTJxUllCUHpnUC05LVc5d0hQWlJVbjZQc29xRkNNbWtodzdiRjFIcHpWRVFxZXVrcHo5dDFQVS1ZQXFiRkswS25TT2trZ0ExTktXNXlsdEZGbHl5TVlLS2Q1dnNhX3ZGUVhiRHVKMG94ZmhaX21OWUJLeEpmZU5B0gHPAUFVX3lxTE0wZ3VsdGwtUGVlMGIxeGc4RVIzNERpNVJZOGpfSlJtYV9sWjRXUTZobVVXaUFEcTJJVGc0dzB4Z19mT3c1bXVPbkhKUzFHbEYzakZjWF9uekg4YXViaUlBYzdITzZldHdfeXBXS2dMbnFMUnFkeDFPTWRIbkJacTJUUEhzYVdPWl9zOE8zenVVekVmVmxnSEZXbzFmTDZGUkdTUWFPOTRRNmRHRXJKQThLbTc2ejNndFduN2RvdmZfVUJHWkNrQlhrQmEza2hXVQ?oc=5
DISHTV,Dish TV India Limited,Dish TV’s Q2 net loss deepens to Rs 132.65 crore as operating revenue falls - bestmediainfo.com,"<a href=""https://news.google.com/rss/articles/CBMiyAFBVV95cUxPLVRwUV9JeW1CZFBkLWJZU184VUM1NWtlcU9zTm9BbXk2V3lRSnNJbWMzbThqaXIyaEFqQk5FNFZhUWFLb1hvQU82eVBuckJDU1J6OTJFNW5kWU5RTGozd1VfMFZ1OW4xUG94WGlCYmlKOGplZEsyVEVuSHV1TExZNTRYd0FXcl94SDg1dzQybTF6d1JGcVZXWnFEVzloeEx4RjRISldSLXA5cHE1U05RTnpGakMwbWF2bDU3YzdfbDdBaDVnZE9vaNIByAFBVV95cUxPLVRwUV9JeW1CZFBkLWJZU184VUM1NWtlcU9zTm9BbXk2V3lRSnNJbWMzbThqaXIyaEFqQk5FNFZhUWFLb1hvQU82eVBuckJDU1J6OTJFNW5kWU5RTGozd1VfMFZ1OW4xUG94WGlCYmlKOGplZEsyVEVuSHV1TExZNTRYd0FXcl94SDg1dzQybTF6d1JGcVZXWnFEVzloeEx4RjRISldSLXA5cHE1U05RTnpGakMwbWF2bDU3YzdfbDdBaDVnZE9vaA?oc=5"" target=""_blank"">Dish TV’s Q2 net loss deepens to Rs 132.65 crore as operating revenue falls</a>&nbsp;&nbsp;<font color=""#6f6f6f"">bestmediainfo.com</font>",2025-11-17 08:00:00,bestmediainfo.com,https://news.google.com/rss/articles/CBMiyAFBVV95cUxPLVRwUV9JeW1CZFBkLWJZU184VUM1NWtlcU9zTm9BbXk2V3lRSnNJbWMzbThqaXIyaEFqQk5FNFZhUWFLb1hvQU82eVBuckJDU1J6OTJFNW5kWU5RTGozd1VfMFZ1OW4xUG94WGlCYmlKOGplZEsyVEVuSHV1TExZNTRYd0FXcl94SDg1dzQybTF6d1JGcVZXWnFEVzloeEx4RjRISldSLXA5cHE1U05RTnpGakMwbWF2bDU3YzdfbDdBaDVnZE9vaNIByAFBVV95cUxPLVRwUV9JeW1CZFBkLWJZU184VUM1NWtlcU9zTm9BbXk2V3lRSnNJbWMzbThqaXIyaEFqQk5FNFZhUWFLb1hvQU82eVBuckJDU1J6OTJFNW5kWU5RTGozd1VfMFZ1OW4xUG94WGlCYmlKOGplZEsyVEVuSHV1TExZNTRYd0FXcl94SDg1dzQybTF6d1JGcVZXWnFEVzloeEx4RjRISldSLXA5cHE1U05RTnpGakMwbWF2bDU3YzdfbDdBaDVnZE9vaA?oc=5
DISHTV,Dish TV India Limited,"Dish TV's subscription revenue drops, net loss widens - Storyboard18","<a href=""https://news.google.com/rss/articles/CBMiowFBVV95cUxOS25XdHIxLXZ1MlJLaGxCT1dfc2JVQzZxMkdlNHA0VUJHUnZWZUlUYkFrVWVjX2tLc01WLXFDZFR5N0VLQV9Xdk1QMS1LeFNLNmxybHBETzFPQUlWTHJKOURHRHN2Tm5RZEZMNGxROG9fZVlHa2ZlSVVDdGJvN3djck5YbENldDA0bU5wNUVxMUowdjZSYWo5M21UUXZmcF85OGY40gGoAUFVX3lxTE5rb1YzM2MzcXpTdU9hZE5HMUZMaHVNdmQyS19hbklrTVpCYzZaeEdpa0NvX0RYMWdXaWN3ckIwb3otVHlPbGUzOHdJVEVaNVZfMHNzelVsd2VWcFVTR05VOFp1dzN1ejRLRElZU053M0lwRzB4NnV0b2UyQ0ZmdzFtZkgzQTJTdG02RkhqUjhfS2k1TzZyYXhCbFpfTkdYa2tiVzY3cEg4NQ?oc=5"" target=""_blank"">Dish TV's subscription revenue drops, net loss widens</a>&nbsp;&nbsp;<font color=""#6f6f6f"">Storyboard18</font>",2024-08-14 07:00:00,Storyboard18,https://news.google.com/rss/articles/CBMiowFBVV95cUxOS25XdHIxLXZ1MlJLaGxCT1dfc2JVQzZxMkdlNHA0VUJHUnZWZUlUYkFrVWVjX2tLc01WLXFDZFR5N0VLQV9Xdk1QMS1LeFNLNmxybHBETzFPQUlWTHJKOURHRHN2Tm5RZEZMNGxROG9fZVlHa2ZlSVVDdGJvN3djck5YbENldDA0bU5wNUVxMUowdjZSYWo5M21UUXZmcF85OGY40gGoAUFVX3lxTE5rb1YzM2MzcXpTdU9hZE5HMUZMaHVNdmQyS19hbklrTVpCYzZaeEdpa0NvX0RYMWdXaWN3ckIwb3otVHlPbGUzOHdJVEVaNVZfMHNzelVsd2VWcFVTR05VOFp1dzN1ejRLRElZU053M0lwRzB4NnV0b2UyQ0ZmdzFtZkgzQTJTdG02RkhqUjhfS2k1TzZyYXhCbFpfTkdYa2tiVzY3cEg4NQ?oc=5
DISHTV,Dish TV India Limited,"Dish TV’s VZY aims for 3–5% Smart TV market share, OS rollout in pipeline - bestmediainfo.com","<a href=""https://news.google.com/rss/articles/CBMiwwFBVV95cUxQcVdpQk1pUWpqSW9iLUFLZ2hiZ1RZZER0OVRjcnJsb0JWZjB2Y09NQXd2YXBWWGRkU3ZLWFVrSm5rcE1Od0I0bXBMOG1tVUpIOFl3MFNXbW9LT1ZxYmxsd2czNWJkVGFvbXdXODFKRW1uOWI0V19FUEI4R3Q2NjVFNTM4OUpkRGhyMENrOTN4MldOM0lxMGRaOUZsRkZhQmRfMTdIcG9ITHBfaThpNVNMVVpzZFFPLWVxTzdzYnM1Tk8zS2PSAcMBQVVfeXFMUHFXaUJNaVFqaklvYi1BS2doYmdUWWREdDlUY3JybG9CVmYwdmNPTUF3dmFwVlhkZFN2S1hVa0pua3BNTndCNG1wTDhtbVVKSDhZdzBTV21vS09WcWJsbHdnMzViZFRhb213VzgxSkVtbjliNFdfRVBCOEd0NjY1RTUzODlKZERocjBDazkzeDJXTjNJcTBkWjlGbEZGYUJkXzE3SHBvSExwX2k4aTVTTFVac2RRTy1lcU83c2JzNU5PM0tj?oc=5"" target=""_blank"">Dish TV’s VZY aims for 3–5% Smart TV market share, OS rollout in pipeline</a>&nbsp;&nbsp;<font color=""#6f6f6f"">bestmediainfo.com</font>",2025-09-08 07:00:00,bestmediainfo.com,https://news.google.com/rss/articles/CBMiwwFBVV95cUxQcVdpQk1pUWpqSW9iLUFLZ2hiZ1RZZER0OVRjcnJsb0JWZjB2Y09NQXd2YXBWWGRkU3ZLWFVrSm5rcE1Od0I0bXBMOG1tVUpIOFl3MFNXbW9LT1ZxYmxsd2czNWJkVGFvbXdXODFKRW1uOWI0V19FUEI4R3Q2NjVFNTM4OUpkRGhyMENrOTN4MldOM0lxMGRaOUZsRkZhQmRfMTdIcG9ITHBfaThpNVNMVVpzZFFPLWVxTzdzYnM1Tk8zS2PSAcMBQVVfeXFMUHFXaUJNaVFqaklvYi1BS2doYmdUWWREdDlUY3JybG9CVmYwdmNPTUF3dmFwVlhkZFN2S1hVa0pua3BNTndCNG1wTDhtbVVKSDhZdzBTV21vS09WcWJsbHdnMzViZFRhb213VzgxSkVtbjliNFdfRVBCOEd0NjY1RTUzODlKZERocjBDazkzeDJXTjNJcTBkWjlGbEZGYUJkXzE3SHBvSExwX2k4aTVTTFVac2RRTy1lcU83c2JzNU5PM0tj?oc=5
DISHTV,Dish TV India Limited,Technical Analysis of Dish TV India Limited (NSE:DISHTV) - TradingView,"<a href=""https://news.google.com/rss/articles/CBMiakFVX3lxTE94RjRjMldNWUZNaFlHX2g4bTkxMWxVUlhlS09DQU5lS1E1dTRobXY0QWh6a2RMczJwR0tyZVRLS1JfbnJ2blRybmVnaUd1OGZadHVqa2d2NXNmdnhxZFVSQzM0NTdSOU9pRnc?oc=5"" target=""_blank"">Technical Analysis of Dish TV India Limited (NSE:DISHTV)</a>&nbsp;&nbsp;<font color=""#6f6f6f"">TradingView</font>",2018-02-04 11:08:44,TradingView,https://news.google.com/rss/articles/CBMiakFVX3lxTE94RjRjMldNWUZNaFlHX2g4bTkxMWxVUlhlS09DQU5lS1E1dTRobXY0QWh6a2RMczJwR0tyZVRLS1JfbnJ2blRybmVnaUd1OGZadHVqa2d2NXNmdnhxZFVSQzM0NTdSOU9pRnc?oc=5
DISHTV,Dish TV India Limited,"Public shareholders collectively demand board revamp, says Dish TV CEO - Business Standard","<a href=""https://news.google.com/rss/articles/CBMi1wFBVV95cUxQLWc2aUZ3a3h5LWZqSjNKT05xRUJCMGZXQmVwS1dndnZzRHdHbUZEalJqaUU4dE9uWWxVX2szZnVNQTNhNXpmVXMwY1ZBYmNoQUxLYmZXUTN0TDJEY3Bjc2txOFl2R3Nwd3h4dVUzcmdFaTdvNko5b25yQ1AzU3lnMEhSdlowQldRaDFmQWV2OTIzN2g2SWhqcGFXaXNKSWRrWUE1dDlMNWQ5dDlpazdreHRabXJJTTVIakt6WGRmRTFlUFFLVG5QWHR4MFNRX2xNQnlRS0l0SdIB3AFBVV95cUxQbG5OWF9vd1hXc0Y2czRtdUVSaGwzNEdzcEdSTnJCMzAzWkxoSVA4RHBreG9heXJVR3FKWmphdWFIaVp5c0lSNTdZU3RVZjlNbE9NRHRqWE1KVW5GZllvUGRsbnU1WmtySENiRFFTMjFtVkxjYUtwekZCcXRLcThOZ2FzWWRFUzZPTk5NTzhrdmp5OHlrZXRlcC00OUgzUHJNY3I3dC1teWlkaUVSMEl2SDc0d0I4QllGMVZVa2UxTXBwZDV2U3BqZzBIMVA3TE41YmxFV0ZXbHloSGdU?oc=5"" target=""_blank"">Public shareholders collectively demand board revamp, says Dish TV CEO</a>&nbsp;&nbsp;<font color=""#6f6f6f"">Business Standard</font>",2025-04-02 07:00:00,Business Standard,https://news.google.com/rss/articles/CBMi1wFBVV95cUxQLWc2aUZ3a3h5LWZqSjNKT05xRUJCMGZXQmVwS1dndnZzRHdHbUZEalJqaUU4dE9uWWxVX2szZnVNQTNhNXpmVXMwY1ZBYmNoQUxLYmZXUTN0TDJEY3Bjc2txOFl2R3Nwd3h4dVUzcmdFaTdvNko5b25yQ1AzU3lnMEhSdlowQldRaDFmQWV2OTIzN2g2SWhqcGFXaXNKSWRrWUE1dDlMNWQ5dDlpazdreHRabXJJTTVIakt6WGRmRTFlUFFLVG5QWHR4MFNRX2xNQnlRS0l0SdIB3AFBVV95cUxQbG5OWF9vd1hXc0Y2czRtdUVSaGwzNEdzcEdSTnJCMzAzWkxoSVA4RHBreG9heXJVR3FKWmphdWFIaVp5c0lSNTdZU3RVZjlNbE9NRHRqWE1KVW5GZllvUGRsbnU1WmtySENiRFFTMjFtVkxjYUtwekZCcXRLcThOZ2FzWWRFUzZPTk5NTzhrdmp5OHlrZXRlcC00OUgzUHJNY3I3dC1teWlkaUVSMEl2SDc0d0I4QllGMVZVa2UxTXBwZDV2U3BqZzBIMVA3TE41YmxFV0ZXbHloSGdU?oc=5
DISHTV,Dish TV India Limited,"Dish TV Q4 net loss at Rs 402.19 cr, revenue down 15.5% to Rs 343.66 cr - Business Standard","<a href=""https://news.google.com/rss/articles/CBMi5gFBVV95cUxNVGpRb0VnSXVXODVrdFk4bjd6dWFySUQtNmFIei1fR2FzYzBOWHFUcXhIVm9rUlFSSWNkR2o0aDRxc3l2VzRlcnd0cFR1MTNGNkh1Q1dNYlY1VENtMkpBVnFNa21qdTlBSklUdTFrSlFUT1U2WXpicjdyUE1RaXotTkhXR3BES3BfblZ2eDNqSXp6cXpjMkxlTWEzRzNlME9qUjRpWkMyaG9QblppUTVwdl9fbldWS1hvd2dEMU5hb09WS0NFdVdqd082WjBPV29lbi1JZkFJZXhoOW5DMUlTVlFGNmdfZ9IB6wFBVV95cUxPRG5kUFJsM3F2SUpybHVYV1plVENjbDUwcWJQYzdFQ3J0MXk4Y0JlSE9QdDMxSHJSOGJXcGlqUUVuODdEVTZZVXZzSE9xRDZLTWlhMnNYN0JUUnkxMXM2aVNDUWFOWV85M3RhbndSOGpCNWtFS2JuamlxRC02dEtBOHZ6SWxIWndSTHVwdVZSM0R6bFpKbGlQWHJLdHZuX0tYX0xpaEZ5aUE0ZFFOQkVCNEpiMTlGTVNMMkcxbG5ZUE1kRHp3WWdacjEzaDlRZ0NtVWZFbDlmejN4bWZDbDdLNWxiVFJzMjJjd2kw?oc=5"" target=""_blank"">Dish TV Q4 net loss at Rs 402.19 cr, revenue down 15.5% to Rs 343.66 cr</a>&nbsp;&nbsp;<font color=""#6f6f6f"">Business Standard</font>",2025-05-28 07:00:00,Business Standard,https://news.google.com/rss/articles/CBMi5gFBVV95cUxNVGpRb0VnSXVXODVrdFk4bjd6dWFySUQtNmFIei1fR2FzYzBOWHFUcXhIVm9rUlFSSWNkR2o0aDRxc3l2VzRlcnd0cFR1MTNGNkh1Q1dNYlY1VENtMkpBVnFNa21qdTlBSklUdTFrSlFUT1U2WXpicjdyUE1RaXotTkhXR3BES3BfblZ2eDNqSXp6cXpjMkxlTWEzRzNlME9qUjRpWkMyaG9QblppUTVwdl9fbldWS1hvd2dEMU5hb09WS0NFdVdqd082WjBPV29lbi1JZkFJZXhoOW5DMUlTVlFGNmdfZ9IB6wFBVV95cUxPRG5kUFJsM3F2SUpybHVYV1plVENjbDUwcWJQYzdFQ3J0MXk4Y0JlSE9QdDMxSHJSOGJXcGlqUUVuODdEVTZZVXZzSE9xRDZLTWlhMnNYN0JUUnkxMXM2aVNDUWFOWV85M3RhbndSOGpCNWtFS2JuamlxRC02dEtBOHZ6SWxIWndSTHVwdVZSM0R6bFpKbGlQWHJLdHZuX0tYX0xpaEZ5aUE0ZFFOQkVCNEpiMTlGTVNMMkcxbG5ZUE1kRHp3WWdacjEzaDlRZ0NtVWZFbDlmejN4bWZDbDdLNWxiVFJzMjJjd2kw?oc=5
DISHTV,Dish TV India Limited,"DishTV India expects to touch 30 percent market share at the end of current financial year, says CEO Manoj Dobhal - Indiablooms","<a href=""https://news.google.com/rss/articles/CBMi7AFBVV95cUxNWldEQkw2S0djNjFVaFRJX2VGdFp0Y2VyU2NzMDVqekYtdnJwZWFYNnVnMVQ0U0l1Z3NscGtsMVlFQmw5V3RNYm1IcUxGZGthLVJ3VFZiM2Z1TlBLUlFIbkNiVmMteDFfR29IbUtYMEo3SXhyRFA2R3BmV053aFN0VUNzZTE5YWdXdXRaUnRiYS1qM0ZjcUx1c0otV2hPLW0tS29lMVJkNl96UEsyOVQ3dlVyZHdvaGVSWURYbXpZQkV2ZWN0ZkRQU0hPajBwUXFOVGpEV21EUFhUd0RWLVNPT1htY19FalJ3bE92MA?oc=5"" target=""_blank"">DishTV India expects to touch 30 percent market share at the end of current financial year, says CEO Manoj Dobhal</a>&nbsp;&nbsp;<font color=""#6f6f6f"">Indiablooms</font>",2024-04-25 07:00:00,Indiablooms,https://news.google.com/rss/articles/CBMi7AFBVV95cUxNWldEQkw2S0djNjFVaFRJX2VGdFp0Y2VyU2NzMDVqekYtdnJwZWFYNnVnMVQ0U0l1Z3NscGtsMVlFQmw5V3RNYm1IcUxGZGthLVJ3VFZiM2Z1TlBLUlFIbkNiVmMteDFfR29IbUtYMEo3SXhyRFA2R3BmV053aFN0VUNzZTE5YWdXdXRaUnRiYS1qM0ZjcUx1c0otV2hPLW0tS29lMVJkNl96UEsyOVQ3dlVyZHdvaGVSWURYbXpZQkV2ZWN0ZkRQU0hPajBwUXFOVGpEV21EUFhUd0RWLVNPT1htY19FalJ3bE92MA?oc=5
DISHTV,Dish TV India Limited,Dish TV consolidated subscription revenue stands at Rs 776.6 crore for Q4 FY20 - Exchange4Media,"<a href=""https://news.google.com/rss/articles/CBMi0AFBVV95cUxPUWRmMXJlTW9heDM0Z2V0LWludGVHdmNmeUNtMkpGY0Q1YTd3SnFsbVl6NGh5LXpPd21vRENxRUdFaGM3N2Z0R2Jac3N1djFET3FVMkVDMlg4dTloZkFGRFBoMy0zZ0piTDFYNG5CVE9fT0NFbVN0ZjFFdng5MGZramZHXzNBTTNrWlhBdkNEN1EwYWVPTjFJUnBwZ0p6cFRKa3E1d0VoWV9FTXpjUjN1RFgxX3J1c3JOODBiTmY4R0dpbXpvQnNvN1NYNnhob1pK?oc=5"" target=""_blank"">Dish TV consolidated subscription revenue stands at Rs 776.6 crore for Q4 FY20</a>&nbsp;&nbsp;<font color=""#6f6f6f"">Exchange4Media</font>",2020-07-24 07:00:00,Exchange4Media,https://news.google.com/rss/articles/CBMi0AFBVV95cUxPUWRmMXJlTW9heDM0Z2V0LWludGVHdmNmeUNtMkpGY0Q1YTd3SnFsbVl6NGh5LXpPd21vRENxRUdFaGM3N2Z0R2Jac3N1djFET3FVMkVDMlg4dTloZkFGRFBoMy0zZ0piTDFYNG5CVE9fT0NFbVN0ZjFFdng5MGZramZHXzNBTTNrWlhBdkNEN1EwYWVPTjFJUnBwZ0p6cFRKa3E1d0VoWV9FTXpjUjN1RFgxX3J1c3JOODBiTmY4R0dpbXpvQnNvN1NYNnhob1pK?oc=5
DISHTV,Dish TV India Limited,"Convenience, price, and technology: How DishTV Smart+ aims to democratise digital entertainment - afaqs!","<a href=""https://news.google.com/rss/articles/CBMiwgFBVV95cUxNTlpLRzRxUFlVSm9XbjQ0UmJJU0VEalZOQVU1RWhCUkNSelNmVEhYcnl0RFo0VDMwVjV2N0hwX3RaSTBGT3B2VDlqRTNpRVF6cEw3UXFKdHJRQ1RZYk9VU19XcWg1YUtyeGRrTzlFNFdlUjVGTVJoVjRCblljNDl5bVk2NUh3dGQ0VEF6S1JIVlh3c3dzYV9EQjJhLTlLMjdqc2piV1JzNG84Z1kySTBtSlJBbWZjV05xVDdQVnRtZEtmUQ?oc=5"" target=""_blank"">Convenience, price, and technology: How DishTV Smart+ aims to democratise digital entertainment</a>&nbsp;&nbsp;<font color=""#6f6f6f"">afaqs!</font>",2024-04-23 07:00:00,afaqs!,https://news.google.com/rss/articles/CBMiwgFBVV95cUxNTlpLRzRxUFlVSm9XbjQ0UmJJU0VEalZOQVU1RWhCUkNSelNmVEhYcnl0RFo0VDMwVjV2N0hwX3RaSTBGT3B2VDlqRTNpRVF6cEw3UXFKdHJRQ1RZYk9VU19XcWg1YUtyeGRrTzlFNFdlUjVGTVJoVjRCblljNDl5bVk2NUh3dGQ0VEF6S1JIVlh3c3dzYV9EQjJhLTlLMjdqc2piV1JzNG84Z1kySTBtSlJBbWZjV05xVDdQVnRtZEtmUQ?oc=5
DISHTV,Dish TV India Limited,Govt. approves Dish TV merger with Videocond2h - The Hindu,"<a href=""https://news.google.com/rss/articles/CBMirAFBVV95cUxNeWpCNkJkUHA5QnA1Rlhpc2tFZXU2SnV0cTZTdXJXRDFGRElsSEZ3QWVCSDR0bWZxeldycFRNS0piV1JBd21TbkhmT0N5emkwbWlsT1paY00tYW5SVEhEeE5BRVctUHNCWUd1UE8xTlVTRHU2b2c2MFN4N3pQVDFlZ05uOG9BaUFsRUhEbkEyZGFremlNYUFnTHJaS0t2aWFGWWR1djZIT212Q3BO0gGzAUFVX3lxTFA3U0w4Zllfem5nV0hPc3dUS0F3T0UyRTRUUmlzNkJMTHJRMzdaazQyeGVtbG1iM01PZUJqY0lxWnZRT0R6bUFMbUlUbWd4d1F4U0NRNmpFYU10R1JWN0M4NnJVZWVYcmY1UEt2cnZTRTlzQ05vc01wWHdmcGVFM2IyazI5MUVDNzR5WVdKT0JhY2hjMmhMNk81dEFjQ2ZVeUJLVlEzcElLaXVLRXdBbFJud2Y4?oc=5"" target=""_blank"">Govt. approves Dish TV merger with Videocond2h</a>&nbsp;&nbsp;<font color=""#6f6f6f"">The Hindu</font>",2017-12-16 08:00:00,The Hindu,https://news.google.com/rss/articles/CBMirAFBVV95cUxNeWpCNkJkUHA5QnA1Rlhpc2tFZXU2SnV0cTZTdXJXRDFGRElsSEZ3QWVCSDR0bWZxeldycFRNS0piV1JBd21TbkhmT0N5emkwbWlsT1paY00tYW5SVEhEeE5BRVctUHNCWUd1UE8xTlVTRHU2b2c2MFN4N3pQVDFlZ05uOG9BaUFsRUhEbkEyZGFremlNYUFnTHJaS0t2aWFGWWR1djZIT212Q3BO0gGzAUFVX3lxTFA3U0w4Zllfem5nV0hPc3dUS0F3T0UyRTRUUmlzNkJMTHJRMzdaazQyeGVtbG1iM01PZUJqY0lxWnZRT0R6bUFMbUlUbWd4d1F4U0NRNmpFYU10R1JWN0M4NnJVZWVYcmY1UEt2cnZTRTlzQ05vc01wWHdmcGVFM2IyazI5MUVDNzR5WVdKT0JhY2hjMmhMNk81dEFjQ2ZVeUJLVlEzcElLaXVLRXdBbFJud2Y4?oc=5
DISHTV,Dish TV India Limited,Why Are Yes Bank And DishTV Locked In A Fierce Battle? - Swarajyamag,"<a href=""https://news.google.com/rss/articles/CBMijwFBVV95cUxOT3hQRmxuZ2tNNU1SR2M2ck9ZNUZES0h2dkgyd1FDY2ZuQlNOT0Y4REJMazItUEpDOGpwVmc1TVFXQXV5M1ZTbFhvdVZVZTI0Tnp6czktVE0tSlR0aG9EY180ZEtLMlVaZW1zSk5tMmlrR1RrSll5WnIxTzhtdnFMa1NNSkxxUjhURWN2dDlvY9IBnwFBVV95cUxON01PV0hIdF9ZaXB4WEhmVGxjWGJ3QUswUzlZNEQ1Rm5ITmdTaGpoLUJoYl9zaU9FUmprLUtSUnhnNDRham42Zi03Z2hJdDd3NENPYkNSdjhRRzhqUHlTUU5xeE9vWmhoSDVhZ1EwY091YkVWMGlFZzh5Tnc1NjRVUnZlMXBGV0ZENDhaQzdNN3QtYnJSdE9vS0VHN3dpLUk?oc=5"" target=""_blank"">Why Are Yes Bank And DishTV Locked In A Fierce Battle?</a>&nbsp;&nbsp;<font color=""#6f6f6f"">Swarajyamag</font>",2021-11-30 08:00:00,Swarajyamag,https://news.google.com/rss/articles/CBMijwFBVV95cUxOT3hQRmxuZ2tNNU1SR2M2ck9ZNUZES0h2dkgyd1FDY2ZuQlNOT0Y4REJMazItUEpDOGpwVmc1TVFXQXV5M1ZTbFhvdVZVZTI0Tnp6czktVE0tSlR0aG9EY180ZEtLMlVaZW1zSk5tMmlrR1RrSll5WnIxTzhtdnFMa1NNSkxxUjhURWN2dDlvY9IBnwFBVV95cUxON01PV0hIdF9ZaXB4WEhmVGxjWGJ3QUswUzlZNEQ1Rm5ITmdTaGpoLUJoYl9zaU9FUmprLUtSUnhnNDRham42Zi03Z2hJdDd3NENPYkNSdjhRRzhqUHlTUU5xeE9vWmhoSDVhZ1EwY091YkVWMGlFZzh5Tnc1NjRVUnZlMXBGV0ZENDhaQzdNN3QtYnJSdE9vS0VHN3dpLUk?oc=5
DISHTV,Dish TV India Limited,Consolidation in DTH industry will definitely help: Dish TV CEO Dobhal - Business Standard,"<a href=""https://news.google.com/rss/articles/CBMi3AFBVV95cUxNX3cyZ1JTdnVyWlVOeW8xZThmRHZYWS1OT0JLMmlvTlZYUmJodHY5MmxjTkFLTE1YdDVpMFJZWEc3c2N4YjEzSk9kSlhaZWpYc0NWa0hYRUllSDc5dHB6U25GSmlfenkwVEQ0eU10dlBxMjk2eU42UkFscXFTUDVvbUc2WkxzMTBDNU1nbGY1aHM4WDdVNkZOd3daSU11NGtYemJXRUZjSzFLN0g1TEFQQTB1WDlfSkVQSmVWVGlna1ZDNV95c0EwTU9lRlFsZ3h5N3doNUpxZUdTQW1h0gHiAUFVX3lxTE9mU1dLcEdRX1k4dnVldV9Hd2tMLW14ZXRKeUdvZUhsaU9xQ0xFNzBiZWlKd3dlaXRzTUNHZTN0dl9kSG1BVHNRTUZaazQwUjB2dlR1R0VUMU1fdGpUNTJaUF9yajJrMUYwVkk2cVVJRWN0V0cyMTJ2THFHNE1aMmVZYnVvU1J5cW1UcUMwR3k2VzFMU28zNWVIaW53a1hBczJyU0FTekVVQlpaSXZTM2ozb3NyX0V2VFFOTXVpUmkzTHl5NU5rN1kyTHpqOTFGemswRkI1NU5VR05Eb28xSHEyQVE?oc=5"" target=""_blank"">Consolidation in DTH industry will definitely help: Dish TV CEO Dobhal</a>&nbsp;&nbsp;<font color=""#6f6f6f"">Business Standard</font>",2025-03-11 07:00:00,Business Standard,https://news.google.com/rss/articles/CBMi3AFBVV95cUxNX3cyZ1JTdnVyWlVOeW8xZThmRHZYWS1OT0JLMmlvTlZYUmJodHY5MmxjTkFLTE1YdDVpMFJZWEc3c2N4YjEzSk9kSlhaZWpYc0NWa0hYRUllSDc5dHB6U25GSmlfenkwVEQ0eU10dlBxMjk2eU42UkFscXFTUDVvbUc2WkxzMTBDNU1nbGY1aHM4WDdVNkZOd3daSU11NGtYemJXRUZjSzFLN0g1TEFQQTB1WDlfSkVQSmVWVGlna1ZDNV95c0EwTU9lRlFsZ3h5N3doNUpxZUdTQW1h0gHiAUFVX3lxTE9mU1dLcEdRX1k4dnVldV9Hd2tMLW14ZXRKeUdvZUhsaU9xQ0xFNzBiZWlKd3dlaXRzTUNHZTN0dl9kSG1BVHNRTUZaazQwUjB2dlR1R0VUMU1fdGpUNTJaUF9yajJrMUYwVkk2cVVJRWN0V0cyMTJ2THFHNE1aMmVZYnVvU1J5cW1UcUMwR3k2VzFMU28zNWVIaW53a1hBczJyU0FTekVVQlpaSXZTM2ozb3NyX0V2VFFOTXVpUmkzTHl5NU5rN1kyTHpqOTFGemswRkI1NU5VR05Eb28xSHEyQVE?oc=5
DISHTV,Dish TV India Limited,Dish TV India introduces ‘Scan to help’ feature on My DishTV app - MediaNews4U,"<a href=""https://news.google.com/rss/articles/CBMilgFBVV95cUxOSURVUDQtQjFUS1JqX25CYmRpMWMwQ1RZeHV2WElTeVpZN3Z2bzdsbnRFSEdIQmJwU25rUDVERzhqaUVfNHZDVVI1OGgwU28zck5VZFV1dHZBbUJlbm9lTExzWW9fZ3ByQkdvUDFodksxSmVHZmc3dDNfMjhXLWI0S3VrUDJkWl9FRDFTQm1paU5NS0RiZEE?oc=5"" target=""_blank"">Dish TV India introduces ‘Scan to help’ feature on My DishTV app</a>&nbsp;&nbsp;<font color=""#6f6f6f"">MediaNews4U</font>",2021-01-05 08:00:00,MediaNews4U,https://news.google.com/rss/articles/CBMilgFBVV95cUxOSURVUDQtQjFUS1JqX25CYmRpMWMwQ1RZeHV2WElTeVpZN3Z2bzdsbnRFSEdIQmJwU25rUDVERzhqaUVfNHZDVVI1OGgwU28zck5VZFV1dHZBbUJlbm9lTExzWW9fZ3ByQkdvUDFodksxSmVHZmc3dDNfMjhXLWI0S3VrUDJkWl9FRDFTQm1paU5NS0RiZEE?oc=5
DISHTV,Dish TV India Limited,"Dish TV Q3 profit down 7.17% to Rs 80.21 crore, revenue down 12.8% - Business Standard","<a href=""https://news.google.com/rss/articles/CBMi0AFBVV95cUxQbnY5aDRCM0Z1X0daMGk5cG1NdkRwTXlCZTBwNTA0c1d1Q3VlQ2YweWdVZGRLQ3Y4TVVsYkl1NjBfTTNYRFB2RlFuRFBLUE53RE90d0JwSWpuMUM5dTd3SjRGSkoxc0dXZzUtYVg3WXJxUmtQaUdSdHFLXzZHdW05SmNDeFVuVnVvVW9qS2x6eHNyamFCNVIwSW4ydTREel8zRHJxTnBpUThUZTQ3bTR0TFVhbVBRNnRkUmFQYjNfUzlqN1BGWGdpemtzWkNkazlk0gHWAUFVX3lxTE1OQWtGLU1Tc0dzSFV6OFdiajV1ZUpkOF8xOXJSdUhaaDFETHRlZ1dYNlkwT1FjOG8zZG5HZ1ItMDlHSWM0a1g5eTFDa0RKYjdzZjhHby1udS1WdF9MakFERW9DTnRuOVB6Y3pLRkxPdnRibDdtcUlVeUUyVnFWODlHYzEzVGFxZEo3b1pkZ0ZqSDgtV3czOTFCbmlPbXNPRlZkVkZKSzY1WTBuQ1JDUVdDNC1NT1Q1SGx3b3NPdGZTdkJaaUdDU21EdllxZldMX1FwdElsWUE?oc=5"" target=""_blank"">Dish TV Q3 profit down 7.17% to Rs 80.21 crore, revenue down 12.8%</a>&nbsp;&nbsp;<font color=""#6f6f6f"">Business Standard</font>",2022-02-14 08:00:00,Business Standard,https://news.google.com/rss/articles/CBMi0AFBVV95cUxQbnY5aDRCM0Z1X0daMGk5cG1NdkRwTXlCZTBwNTA0c1d1Q3VlQ2YweWdVZGRLQ3Y4TVVsYkl1NjBfTTNYRFB2RlFuRFBLUE53RE90d0JwSWpuMUM5dTd3SjRGSkoxc0dXZzUtYVg3WXJxUmtQaUdSdHFLXzZHdW05SmNDeFVuVnVvVW9qS2x6eHNyamFCNVIwSW4ydTREel8zRHJxTnBpUThUZTQ3bTR0TFVhbVBRNnRkUmFQYjNfUzlqN1BGWGdpemtzWkNkazlk0gHWAUFVX3lxTE1OQWtGLU1Tc0dzSFV6OFdiajV1ZUpkOF8xOXJSdUhaaDFETHRlZ1dYNlkwT1FjOG8zZG5HZ1ItMDlHSWM0a1g5eTFDa0RKYjdzZjhHby1udS1WdF9MakFERW9DTnRuOVB6Y3pLRkxPdnRibDdtcUlVeUUyVnFWODlHYzEzVGFxZEo3b1pkZ0ZqSDgtV3czOTFCbmlPbXNPRlZkVkZKSzY1WTBuQ1JDUVdDNC1NT1Q1SGx3b3NPdGZTdkJaaUdDU21EdllxZldMX1FwdElsWUE?oc=5
DISHTV,Dish TV India Limited,Jio DTH effect: Airtel Digital TV may rule DTH market with 61 per cent share if it merges with Dish TV - India Today,"<a href=""https://news.google.com/rss/articles/CBMi_AFBVV95cUxOR0QxWUhVazhiWGdkRFFKODJhQkN2c2IxR0gyU1gzaEpicnQzamstY0t4dUw4dG5weFNKSE5pSm5OaGtsT2l2YnlZQnN6UmhfWWF3RUdBMF9USXdTM1NFYjM2VXhIUkdlTDZIWks1TDI2THhaVEt3YnNCQXNMbmlWcUVheDcydGlBNWlXYWJxdm5kYUJFbXpCakx5c3BsZmhEUTFhNVJCVHFvdlBkamhzNEZveE93N213RUY5eDJTaEx3c0lQREthSVdCRmN2WkcxbVN4WEdRbDgyNlFvX1J1dzJjLTVYUnZ2WG5ZLTlfU0FkSkNqWEpRYlphUGfSAYICQVVfeXFMUHlXUEF3M1lJV09FbzI5dVBVb0dqVVcxSEZsNmNHTUMxSGpJeS1TUTkyMTlkRDBva1JHMkozSDEtelhDRzlwN3dYelR5YTdQOFRYUkNMcDlfRGdSUU5JZTBZMF9yWnJoMy15ek1XUGhxUEdISmY2WDhBVjY4WGdFRkJHaHFzUExiWkNJcm1VWUFIY0VIN2I3UlF1cXYwUGxrajJqd1FRZ1RSYUMtbE9yeTVhVkVqcmhlcDZoS3pKMnNkZVpLbVRzd0pjbmpHVlBOZTZ4MmUzYUloRURjY2gxYzFMVTZvU2Nma2hzX0JGNHozaFpnUV9rM0hwNG52T0trbzBn?oc=5"" target=""_blank"">Jio DTH effect: Airtel Digital TV may rule DTH market with 61 per cent share if it merges with Dish TV</a>&nbsp;&nbsp;<font color=""#6f6f6f"">India Today</font>",2019-03-19 07:00:00,India Today,https://news.google.com/rss/articles/CBMi_AFBVV95cUxOR0QxWUhVazhiWGdkRFFKODJhQkN2c2IxR0gyU1gzaEpicnQzamstY0t4dUw4dG5weFNKSE5pSm5OaGtsT2l2YnlZQnN6UmhfWWF3RUdBMF9USXdTM1NFYjM2VXhIUkdlTDZIWks1TDI2THhaVEt3YnNCQXNMbmlWcUVheDcydGlBNWlXYWJxdm5kYUJFbXpCakx5c3BsZmhEUTFhNVJCVHFvdlBkamhzNEZveE93N213RUY5eDJTaEx3c0lQREthSVdCRmN2WkcxbVN4WEdRbDgyNlFvX1J1dzJjLTVYUnZ2WG5ZLTlfU0FkSkNqWEpRYlphUGfSAYICQVVfeXFMUHlXUEF3M1lJV09FbzI5dVBVb0dqVVcxSEZsNmNHTUMxSGpJeS1TUTkyMTlkRDBva1JHMkozSDEtelhDRzlwN3dYelR5YTdQOFRYUkNMcDlfRGdSUU5JZTBZMF9yWnJoMy15ek1XUGhxUEdISmY2WDhBVjY4WGdFRkJHaHFzUExiWkNJcm1VWUFIY0VIN2I3UlF1cXYwUGxrajJqd1FRZ1RSYUMtbE9yeTVhVkVqcmhlcDZoS3pKMnNkZVpLbVRzd0pjbmpHVlBOZTZ4MmUzYUloRURjY2gxYzFMVTZvU2Nma2hzX0JGNHozaFpnUV9rM0hwNG52T0trbzBn?oc=5
DISHTV,Dish TV India Limited,Videocon d2h Limited Merges Into and with Dish TV India Limited - MediaNews4U,"<a href=""https://news.google.com/rss/articles/CBMihAFBVV95cUxNM2U2Z0xYeWw3XzVTUXZVOGxjTHdXWko1cGJVWFBoaU01ODgtaUIwZE82dS0welRGSTFFYVl0c2M2aE83TmZQaFlDazQ1cUFOQ1YtM0w5YUp4YTVnLVh2TEN1NjRkclNEUGpYOHVLZXpGaHR4Wko4NlRka1NRQ1dtcUtDY0s?oc=5"" target=""_blank"">Videocon d2h Limited Merges Into and with Dish TV India Limited</a>&nbsp;&nbsp;<font color=""#6f6f6f"">MediaNews4U</font>",2018-03-22 07:00:00,MediaNews4U,https://news.google.com/rss/articles/CBMihAFBVV95cUxNM2U2Z0xYeWw3XzVTUXZVOGxjTHdXWko1cGJVWFBoaU01ODgtaUIwZE82dS0welRGSTFFYVl0c2M2aE83TmZQaFlDazQ1cUFOQ1YtM0w5YUp4YTVnLVh2TEN1NjRkclNEUGpYOHVLZXpGaHR4Wko4NlRka1NRQ1dtcUtDY0s?oc=5
DISHTV,Dish TV India Limited,Videocon D2H and Dish TV sync frequencies and join forces; will serve 28 million combined customers - YourStory.com,"<a href=""https://news.google.com/rss/articles/CBMicEFVX3lxTE01WE04eEl2UURBNXVvbUY2NmZmbTQtODVZeHEwVFF4MnVfTDUwUXJJMVJnUU9lWFZZTVNpMDg1RllycmZIWllsYjRCeS1jZkdFWjJLT0NyanhvaXZmbk5qcXBKMXRVUEhibUh2OExLRTk?oc=5"" target=""_blank"">Videocon D2H and Dish TV sync frequencies and join forces; will serve 28 million combined customers</a>&nbsp;&nbsp;<font color=""#6f6f6f"">YourStory.com</font>",2016-11-12 08:00:00,YourStory.com,https://news.google.com/rss/articles/CBMicEFVX3lxTE01WE04eEl2UURBNXVvbUY2NmZmbTQtODVZeHEwVFF4MnVfTDUwUXJJMVJnUU9lWFZZTVNpMDg1RllycmZIWllsYjRCeS1jZkdFWjJLT0NyanhvaXZmbk5qcXBKMXRVUEhibUh2OExLRTk?oc=5
DISHTV,Dish TV India Limited,Videocon D2H to Merge With Dish TV Creating a Leading Cable and Satellite Distribution Platform in India - PR Newswire,"<a href=""https://news.google.com/rss/articles/CBMi8gFBVV95cUxOX3F5RlplSmdaOHdBU0FzLW9IS0duMzZXT1dYZHF4a05PMU43RXo1cUtXUHZUSzdkTWdzODVQV0EtSk96UmV3bHFLVDd1MkdMa0NzSnprRE5tYjltMW94M1dtTjUyRmNwUzdUTlFZNHV4djNJZ3VLZTZqbkxXemJkUzBWdDk1R3VITjdKNHhEYUN3Q3BJVUhVY3E0TEl4MkVaQi1JMG8xcktyMXlKbTBZSmlDTmM2SFRvdFFmb1pVaVQ5SHBvT1E0emRqTkxtb0dnLTIyT2EyM0VyRjh5RjNrOVktdElXOVVMZWRyN1ktaHFtQQ?oc=5"" target=""_blank"">Videocon D2H to Merge With Dish TV Creating a Leading Cable and Satellite Distribution Platform in India</a>&nbsp;&nbsp;<font color=""#6f6f6f"">PR Newswire</font>",2016-11-11 08:00:00,PR Newswire,https://news.google.com/rss/articles/CBMi8gFBVV95cUxOX3F5RlplSmdaOHdBU0FzLW9IS0duMzZXT1dYZHF4a05PMU43RXo1cUtXUHZUSzdkTWdzODVQV0EtSk96UmV3bHFLVDd1MkdMa0NzSnprRE5tYjltMW94M1dtTjUyRmNwUzdUTlFZNHV4djNJZ3VLZTZqbkxXemJkUzBWdDk1R3VITjdKNHhEYUN3Q3BJVUhVY3E0TEl4MkVaQi1JMG8xcktyMXlKbTBZSmlDTmM2SFRvdFFmb1pVaVQ5SHBvT1E0emRqTkxtb0dnLTIyT2EyM0VyRjh5RjNrOVktdElXOVVMZWRyN1ktaHFtQQ?oc=5
DISHTV,Dish TV India Limited,Dish TV Introduces ‘Fitness Active’ service on its DishTV and d2h platform - MediaNews4U,"<a href=""https://news.google.com/rss/articles/CBMilAFBVV95cUxQOEkyWFgzV0xFUEdJN2ZDYnJVUGNIOFNIVmYxTGRrbHFKTWV5OVFCekozb2c4VHdwNEZLa1IxaGc5SmNPSFczbVAzSGdVMjlhS2hPRTFaMFRVUmlKZnI0czFjYnIxeXRQX2FySlk3T3YwcUhncUMtMi1MYjRzTVR6U2l5N2lhMTJldHFNWUp4QTNkcnJE?oc=5"" target=""_blank"">Dish TV Introduces ‘Fitness Active’ service on its DishTV and d2h platform</a>&nbsp;&nbsp;<font color=""#6f6f6f"">MediaNews4U</font>",2018-09-05 07:00:00,MediaNews4U,https://news.google.com/rss/articles/CBMilAFBVV95cUxQOEkyWFgzV0xFUEdJN2ZDYnJVUGNIOFNIVmYxTGRrbHFKTWV5OVFCekozb2c4VHdwNEZLa1IxaGc5SmNPSFczbVAzSGdVMjlhS2hPRTFaMFRVUmlKZnI0czFjYnIxeXRQX2FySlk3T3YwcUhncUMtMi1MYjRzTVR6U2l5N2lhMTJldHFNWUp4QTNkcnJE?oc=5
DISHTV,Dish TV India Limited,CCI approves the merger of Dish TV and Videocon d2h - MediaNews4U,"<a href=""https://news.google.com/rss/articles/CBMieEFVX3lxTE1JU3RnWGlvNDlTeVJXMFlONDlGenZMdk5IaE9zQWhKSkVhRWlBNmhjRWFRMGpSZU5BQnhCbmxKUHdOdTRNbG53YlpUakZka0V4TEljb1FkdWNMVnMtaG5pU0xMTnVYdjdSdHpCc3BCX25uSTYzTGM0Vw?oc=5"" target=""_blank"">CCI approves the merger of Dish TV and Videocon d2h</a>&nbsp;&nbsp;<font color=""#6f6f6f"">MediaNews4U</font>",2017-05-11 07:00:00,MediaNews4U,https://news.google.com/rss/articles/CBMieEFVX3lxTE1JU3RnWGlvNDlTeVJXMFlONDlGenZMdk5IaE9zQWhKSkVhRWlBNmhjRWFRMGpSZU5BQnhCbmxKUHdOdTRNbG53YlpUakZka0V4TEljb1FkdWNMVnMtaG5pU0xMTnVYdjdSdHpCc3BCX25uSTYzTGM0Vw?oc=5
DISHTV,Dish TV India Limited,I&B ministry approves merger of Dish TV and Videocon d2h - Mint,"<a href=""https://news.google.com/rss/articles/CBMiugFBVV95cUxQQVNCX01GTFJ2cklVTlpxbVBqU05oMld2VVlrRkFobVJFUWRqX3VRTkNDWUt6dHV4T21nVGl0ajdsanlPa0p4UGZpX3RqOTFCTUpzSGF6Y3AxOVQxc2VReldYSHVTLVNoU0VoejgyYU1OUmhPaUk1QU9fcG5mZ3NqOVlvbUM4ckQ1cnFycjh3SzJWcndqT0hUaGRFTHdlemFuSXdaRUk5RVdnS0NvTXBaM25Ed1pWR2ZMV1HSAccBQVVfeXFMT1cyZ2VtdnhDVmhCVzdCc3E3V2tfaHlpcnZEY3JIa0o1dC02Z3d0YWsyelVqaTBpM1dqSTNhaUJMM2tfVURkVEpwVnhieXFUQ2FVRmY5UVFzYXg4c3Z6d3p6dUhiOXpSV3A4aTNNN0lfNlJuc1N4ZnZoMlRkNGg5LWVLZFBPajBVWnVCb2lsc2J6LXlOamQ2UGhuM2tqVjdOcnhHRzFZYzg4SkFDSUVhY2dNeVljN0l3QndaQnhXWEZlNGxuYnJMYw?oc=5"" target=""_blank"">I&amp;B ministry approves merger of Dish TV and Videocon d2h</a>&nbsp;&nbsp;<font color=""#6f6f6f"">Mint</font>",2017-12-16 08:00:00,Mint,https://news.google.com/rss/articles/CBMiugFBVV95cUxQQVNCX01GTFJ2cklVTlpxbVBqU05oMld2VVlrRkFobVJFUWRqX3VRTkNDWUt6dHV4T21nVGl0ajdsanlPa0p4UGZpX3RqOTFCTUpzSGF6Y3AxOVQxc2VReldYSHVTLVNoU0VoejgyYU1OUmhPaUk1QU9fcG5mZ3NqOVlvbUM4ckQ1cnFycjh3SzJWcndqT0hUaGRFTHdlemFuSXdaRUk5RVdnS0NvTXBaM25Ed1pWR2ZMV1HSAccBQVVfeXFMT1cyZ2VtdnhDVmhCVzdCc3E3V2tfaHlpcnZEY3JIa0o1dC02Z3d0YWsyelVqaTBpM1dqSTNhaUJMM2tfVURkVEpwVnhieXFUQ2FVRmY5UVFzYXg4c3Z6d3p6dUhiOXpSV3A4aTNNN0lfNlJuc1N4ZnZoMlRkNGg5LWVLZFBPajBVWnVCb2lsc2J6LXlOamQ2UGhuM2tqVjdOcnhHRzFZYzg4SkFDSUVhY2dNeVljN0l3QndaQnhXWEZlNGxuYnJMYw?oc=5
DISHTV,Dish TV India Limited,"How new TRAI rules will change your Airtel DTH, Tata Sky, Dish TV plans in 2019. List of all charges - Mint","<a href=""https://news.google.com/rss/articles/CBMivwFBVV95cUxNZkZ5VFkwUFJjUUE1eGpGaC16OWVhbzl1Nk93VWRDVDlMS3hBR2JKakU5WHhjakc4VUVJTTlFRzNvSUFnU3lWb21fQURSSE9PcFhMY3pNSThydVNMMnpUMU1zUjNvWWp6WDZXZ1hVWng5ZjhMNERQYnFhSGJGUUZuMk13WWctWjhOZnBseDNiMVZzSXRQdVVvUk5GTmFmMmttSm8ybkFNWExEalBWWjFmT0ZDY0VSVDk3SzN2cm9VWdIBzAFBVV95cUxQcUFZSFphVmNNd3k4WWJNZmJ4eWJfb19KbnVJV19KUHpTZ1E2RXdOSDY4WGI3Nk5ESzk2eVVwNHExMlVubVJjLUd0a204OXJpb1h5Z1hkMTQzMngyNHBRWGF6TFpjWTZKVC05U1lVUGRwNldUa2Q2VkFlcXNaeVJISVoyeV9idy1BZUpkeFlnWTdlWUh1Q1RQajRqUjcxNkhyaWhKb2JfMFFXOUY4REJIMmhIQU1yYmZpNm9NWTNIdmwzeEg1QTNIME5FTEc?oc=5"" target=""_blank"">How new TRAI rules will change your Airtel DTH, Tata Sky, Dish TV plans in 2019. List of all charges</a>&nbsp;&nbsp;<font color=""#6f6f6f"">Mint</font>",2019-02-05 08:00:00,Mint,https://news.google.com/rss/articles/CBMivwFBVV95cUxNZkZ5VFkwUFJjUUE1eGpGaC16OWVhbzl1Nk93VWRDVDlMS3hBR2JKakU5WHhjakc4VUVJTTlFRzNvSUFnU3lWb21fQURSSE9PcFhMY3pNSThydVNMMnpUMU1zUjNvWWp6WDZXZ1hVWng5ZjhMNERQYnFhSGJGUUZuMk13WWctWjhOZnBseDNiMVZzSXRQdVVvUk5GTmFmMmttSm8ybkFNWExEalBWWjFmT0ZDY0VSVDk3SzN2cm9VWdIBzAFBVV95cUxQcUFZSFphVmNNd3k4WWJNZmJ4eWJfb19KbnVJV19KUHpTZ1E2RXdOSDY4WGI3Nk5ESzk2eVVwNHExMlVubVJjLUd0a204OXJpb1h5Z1hkMTQzMngyNHBRWGF6TFpjWTZKVC05U1lVUGRwNldUa2Q2VkFlcXNaeVJISVoyeV9idy1BZUpkeFlnWTdlWUh1Q1RQajRqUjcxNkhyaWhKb2JfMFFXOUY4REJIMmhIQU1yYmZpNm9NWTNIdmwzeEg1QTNIME5FTEc?oc=5
DISHTV,Dish TV India Limited,Dish TV India Limited Board Addresses Stock Exchange Notices on Board Composition Non-Compliance - scanx.trade,"<a href=""https://news.google.com/rss/articles/CBMi5AFBVV95cUxNcUIyYWNlSDlEeVRvQ1Etc24yM1hXMWRFQ19ZeW03WE45alppSGtmVEc5YjdUSG1OcHQ4enFrbm9WdEotR1VvM2RtQU9VQ0p0V1ZDaF9EUDZDWVhiUUVzSmtHZjNfaWRRMWhlYVoxdUo0cVpGMVN5dkxmUnlPdDByZnRLb0k4TGw2ak4zMnFVYWxwV0ExcklNV2U5MHdIWXRIU0lvbzJ0NGRSMDF0NjJOTVlNZ2cxR2h2SEg5YlhLVFJTTTM5S0Mya1dPWFNEWjFvM2dCc1pwOEU2dTdDVGNoNjQxYXk?oc=5"" target=""_blank"">Dish TV India Limited Board Addresses Stock Exchange Notices on Board Composition Non-Compliance</a>&nbsp;&nbsp;<font color=""#6f6f6f"">scanx.trade</font>",2026-02-06 08:00:00,scanx.trade,https://news.google.com/rss/articles/CBMi5AFBVV95cUxNcUIyYWNlSDlEeVRvQ1Etc24yM1hXMWRFQ19ZeW03WE45alppSGtmVEc5YjdUSG1OcHQ4enFrbm9WdEotR1VvM2RtQU9VQ0p0V1ZDaF9EUDZDWVhiUUVzSmtHZjNfaWRRMWhlYVoxdUo0cVpGMVN5dkxmUnlPdDByZnRLb0k4TGw2ak4zMnFVYWxwV0ExcklNV2U5MHdIWXRIU0lvbzJ0NGRSMDF0NjJOTVlNZ2cxR2h2SEg5YlhLVFJTTTM5S0Mya1dPWFNEWjFvM2dCc1pwOEU2dTdDVGNoNjQxYXk?oc=5
DISHTV,Dish TV India Limited,Dish TV fined again over lack of board strength - The Times of India,"<a href=""https://news.google.com/rss/articles/CBMizgFBVV95cUxNbmdPbEJka0ZYazhyU09NNFRMLXpWTDNBZl9Vd1FuWUVIczE0VEpFSExGdHFHZUlXazh4SVB1Z0pVTmxxV0JJRkh3aG9xZWs3V1ZtcHd4X0l5YWJjUWZUNEVzTTFZQkZzZXJZR1Z2WnFBVlpSQ284Wk1lazU0ajVGWFEwTEd3SXYyX045Y1RNTjdfRXg5cWZudWtlMHZSLWVrM0t1SGlNZXliX3FvNXIzOE84bnVaZ2twTE9IQ0xWTVpYd1FRaGlIVDhycVBOQdIB0wFBVV95cUxORjctN1A1V0FHR29VRjFNamxfUzg1XzFPclIta29sUUtBUVBhcE1lb0VwNE1ITjVwVW5BWUV5UEV3V0tVaHgtV1d3LXprMUl1Yjd5bjU0eVBIc0dnd0NfWWw5Z2Q2RXFiTDd1YTF3cHctLTUySjJmTmJwOU1PYVByNmpPcEttMnhYQjRPUy1lZ3VtUEUyZUY2ZUVlSGp0Y2xYTmlJbW81VGMyOFBCdFdkZUVXY0JiUGVMdnUtdXZmSXBMSTU3aXFic25kNWdZTzhRcXlB?oc=5"" target=""_blank"">Dish TV fined again over lack of board strength</a>&nbsp;&nbsp;<font color=""#6f6f6f"">The Times of India</font>",2025-09-01 07:00:00,The Times of India,https://news.google.com/rss/articles/CBMizgFBVV95cUxNbmdPbEJka0ZYazhyU09NNFRMLXpWTDNBZl9Vd1FuWUVIczE0VEpFSExGdHFHZUlXazh4SVB1Z0pVTmxxV0JJRkh3aG9xZWs3V1ZtcHd4X0l5YWJjUWZUNEVzTTFZQkZzZXJZR1Z2WnFBVlpSQ284Wk1lazU0ajVGWFEwTEd3SXYyX045Y1RNTjdfRXg5cWZudWtlMHZSLWVrM0t1SGlNZXliX3FvNXIzOE84bnVaZ2twTE9IQ0xWTVpYd1FRaGlIVDhycVBOQdIB0wFBVV95cUxORjctN1A1V0FHR29VRjFNamxfUzg1XzFPclIta29sUUtBUVBhcE1lb0VwNE1ITjVwVW5BWUV5UEV3V0tVaHgtV1d3LXprMUl1Yjd5bjU0eVBIc0dnd0NfWWw5Z2Q2RXFiTDd1YTF3cHctLTUySjJmTmJwOU1PYVByNmpPcEttMnhYQjRPUy1lZ3VtUEUyZUY2ZUVlSGp0Y2xYTmlJbW81VGMyOFBCdFdkZUVXY0JiUGVMdnUtdXZmSXBMSTU3aXFic25kNWdZTzhRcXlB?oc=5
DISHTV,Dish TV India Limited,"BSE, NSE slap fresh fines on Dish TV over board composition issues - Storyboard18","<a href=""https://news.google.com/rss/articles/CBMiuAFBVV95cUxOQkhqT3A4Mk1FVVZ3Q0htYWdoZXYwT1hfRE12NURpWnZma21IWHFpSTRIemFwNkg5OUxFWlJLVjlwTG55dkFPbXNEajNJU0NZOW15Q2FKdXZfVU9BQ25hdEl4ZzFRcnBCNDlVQlV3U1hiSjJTdVAteWtXTjZsMFN0STQwUGxhNXoycjhYOHFTZHI0bm1aNUJ6NkVpRDRtMS1Id2FlRjZXb1lsVHV5T0ZPMFhXZHZHZnQy0gG-AUFVX3lxTFBuOTFoNjgtMVl0RHBMSjc0a2g2R2lxeE1qNnVuX1BKQzF5NGlKMWVOTFYzTjN5Q2pQMTVLLTlDQmlaM09uZlpqWHFVLV9ORnY3SWVvd0MycVdtYjdtbDRkdXdMdWh4ckNKbVIxZjhkcWs5Ml85djBPUHhobzR1dF8xZTVmbkd3TzJZM1ZmWnN0X3pod3ZZYmNwbmdxTWNqSkZpNGZ6VWQ3TkxNdUp1TV8tdDUxNWQ3amIxMFUxbGc?oc=5"" target=""_blank"">BSE, NSE slap fresh fines on Dish TV over board composition issues</a>&nbsp;&nbsp;<font color=""#6f6f6f"">Storyboard18</font>",2025-09-01 07:00:00,Storyboard18,https://news.google.com/rss/articles/CBMiuAFBVV95cUxOQkhqT3A4Mk1FVVZ3Q0htYWdoZXYwT1hfRE12NURpWnZma21IWHFpSTRIemFwNkg5OUxFWlJLVjlwTG55dkFPbXNEajNJU0NZOW15Q2FKdXZfVU9BQ25hdEl4ZzFRcnBCNDlVQlV3U1hiSjJTdVAteWtXTjZsMFN0STQwUGxhNXoycjhYOHFTZHI0bm1aNUJ6NkVpRDRtMS1Id2FlRjZXb1lsVHV5T0ZPMFhXZHZHZnQy0gG-AUFVX3lxTFBuOTFoNjgtMVl0RHBMSjc0a2g2R2lxeE1qNnVuX1BKQzF5NGlKMWVOTFYzTjN5Q2pQMTVLLTlDQmlaM09uZlpqWHFVLV9ORnY3SWVvd0MycVdtYjdtbDRkdXdMdWh4ckNKbVIxZjhkcWs5Ml85djBPUHhobzR1dF8xZTVmbkd3TzJZM1ZmWnN0X3pod3ZZYmNwbmdxTWNqSkZpNGZ6VWQ3TkxNdUp1TV8tdDUxNWQ3amIxMFUxbGc?oc=5
DISHTV,Dish TV India Limited,"Dish TV slapped fresh fines by BSE, NSE over board composition lapses - bestmediainfo.com","<a href=""https://news.google.com/rss/articles/CBMiwAFBVV95cUxQZXcyNlRIVjI5d2gzZVZyQ1c2VEhTYm5uNURaVHNNMWtYNDFiRThtam50YW5ZWktPckJUTHdpdVc2OEZzOEh2Z3duTlFiRGdrWjJHR1haRHpfR2lQYl9zeFZvSnptRGRHd3F1cG9SM1M1RXRvdnhvc1o3RjhJUUJzLWxveWlLMG4wb3NBVFBFdFV0V1k4MEs2V0doaW5ucllZcUd3bWhKRExGOHd0NkZ6d210amhSakNXZk9sNTBBRy3SAcABQVVfeXFMUGV3MjZUSFYyOXdoM2VWckNXNlRIU2JubjVEWlRzTTFrWDQxYkU4bWpudGFuWVpLT3JCVEx3aXVXNjhGczhIdmd3bk5RYkRna1oyR0dYWkR6X0dpUGJfc3hWb0p6bURkR3dxdXBvUjNTNUV0b3Z4b3NaN0Y4SVFCcy1sb3lpSzBuMG9zQVRQRXRVdFdZODBLNldHaGlubnJZWXFHd21oSkRMRjh3dDZGendtdGpoUmpDV2ZPbDUwQUct?oc=5"" target=""_blank"">Dish TV slapped fresh fines by BSE, NSE over board composition lapses</a>&nbsp;&nbsp;<font color=""#6f6f6f"">bestmediainfo.com</font>",2025-08-31 07:00:00,bestmediainfo.com,https://news.google.com/rss/articles/CBMiwAFBVV95cUxQZXcyNlRIVjI5d2gzZVZyQ1c2VEhTYm5uNURaVHNNMWtYNDFiRThtam50YW5ZWktPckJUTHdpdVc2OEZzOEh2Z3duTlFiRGdrWjJHR1haRHpfR2lQYl9zeFZvSnptRGRHd3F1cG9SM1M1RXRvdnhvc1o3RjhJUUJzLWxveWlLMG4wb3NBVFBFdFV0V1k4MEs2V0doaW5ucllZcUd3bWhKRExGOHd0NkZ6d210amhSakNXZk9sNTBBRy3SAcABQVVfeXFMUGV3MjZUSFYyOXdoM2VWckNXNlRIU2JubjVEWlRzTTFrWDQxYkU4bWpudGFuWVpLT3JCVEx3aXVXNjhGczhIdmd3bk5RYkRna1oyR0dYWkR6X0dpUGJfc3hWb0p6bURkR3dxdXBvUjNTNUV0b3Z4b3NaN0Y4SVFCcy1sb3lpSzBuMG9zQVRQRXRVdFdZODBLNldHaGlubnJZWXFHd21oSkRMRjh3dDZGendtdGpoUmpDV2ZPbDUwQUct?oc=5
DISHTV,Dish TV India Limited,"Dish TV penalised by BSE, NSE again over board composition issues - The Hans India","<a href=""https://news.google.com/rss/articles/CBMirwFBVV95cUxQRm9rSFJveWhTaG14Tm12VFJPMTBLMTlCVXlRNWw1aEoxZXJYZUdmUHpnOFV4N3gyYnVjZUJLQ3dDSmVIVVgtamVQYlZadkc0SVR5SWhoSTJiamlXLThJa3JBY0drRWpMLW1hdjNUMnRnSUh3SF9zTnZxYV93QXJzVUQ5MzB4QlZ2RHAycFpEYjZsLTZqTUIya015cHJJc0djSm9sU3JFdi1oeWpVY3dR0gG0AUFVX3lxTE1GN0tSQm5ZOVdOMm4yNHVHMmlvQ0FNLVNrTGhkcVRYU0lZU1JxUl9pZkVXc2NOYnFqc2N5WnNHSElsbHZVaVAxT0FjMjA3U2p1d0drSXcwUGNuZXRTZzcyd3E5V3JGcHFod3BvdTVVVHZRcURfbEVZWnhEeDBxQWpHR0wxeXlONGJXRnFqaHpOaU81d0JWMG9rYmwyVzluWTBvdDdraUpkLV9yN0ZoZHpRejNNVA?oc=5"" target=""_blank"">Dish TV penalised by BSE, NSE again over board composition issues</a>&nbsp;&nbsp;<font color=""#6f6f6f"">The Hans India</font>",2025-08-31 07:00:00,The Hans India,https://news.google.com/rss/articles/CBMirwFBVV95cUxQRm9rSFJveWhTaG14Tm12VFJPMTBLMTlCVXlRNWw1aEoxZXJYZUdmUHpnOFV4N3gyYnVjZUJLQ3dDSmVIVVgtamVQYlZadkc0SVR5SWhoSTJiamlXLThJa3JBY0drRWpMLW1hdjNUMnRnSUh3SF9zTnZxYV93QXJzVUQ5MzB4QlZ2RHAycFpEYjZsLTZqTUIya015cHJJc0djSm9sU3JFdi1oeWpVY3dR0gG0AUFVX3lxTE1GN0tSQm5ZOVdOMm4yNHVHMmlvQ0FNLVNrTGhkcVRYU0lZU1JxUl9pZkVXc2NOYnFqc2N5WnNHSElsbHZVaVAxT0FjMjA3U2p1d0drSXcwUGNuZXRTZzcyd3E5V3JGcHFod3BvdTVVVHZRcURfbEVZWnhEeDBxQWpHR0wxeXlONGJXRnFqaHpOaU81d0JWMG9rYmwyVzluWTBvdDdraUpkLV9yN0ZoZHpRejNNVA?oc=5
DISHTV,Dish TV India Limited,Dish TV India Limited Amends Fair Disclosure Code Under SEBI PIT Regulations - scanx.trade,"<a href=""https://news.google.com/rss/articles/CBMiygFBVV95cUxQVkZOSlBHQkVzR19NdXlPX3RmZ1Z3TjRTM251MkVRWld1amRFbWppWU1ZQzlkTkRwUERlVzBFVDBRRE9yNi0tbGJuVTJIV3dQalVUcXkwLURUejRxZG1hM0Yzdy1vRmdFTFpuMDZhX3pVaVlEaFVuUHhRMXYzZm82WUFYRlplOU1ma2NsVG00ZXhZYm5tZC1iTFRGZC1lU2pIUWhHU1R5cmxaRHN3UWdUNXI5Y3BXTkctVHd3NnF5M2thU3hlSVJNQk1B?oc=5"" target=""_blank"">Dish TV India Limited Amends Fair Disclosure Code Under SEBI PIT Regulations</a>&nbsp;&nbsp;<font color=""#6f6f6f"">scanx.trade</font>",2026-02-06 08:00:00,scanx.trade,https://news.google.com/rss/articles/CBMiygFBVV95cUxQVkZOSlBHQkVzR19NdXlPX3RmZ1Z3TjRTM251MkVRWld1amRFbWppWU1ZQzlkTkRwUERlVzBFVDBRRE9yNi0tbGJuVTJIV3dQalVUcXkwLURUejRxZG1hM0Yzdy1vRmdFTFpuMDZhX3pVaVlEaFVuUHhRMXYzZm82WUFYRlplOU1ma2NsVG00ZXhZYm5tZC1iTFRGZC1lU2pIUWhHU1R5cmxaRHN3UWdUNXI5Y3BXTkctVHd3NnF5M2thU3hlSVJNQk1B?oc=5
DISHTV,Dish TV India Limited,Dish TV’s Q2 loss widens to Rs 132 crore as revenue falls 26% - Storyboard18,"<a href=""https://news.google.com/rss/articles/CBMirgFBVV95cUxNTks1WEhzSjBsTnlrbmswWUVqd2V1S3ZSTVNGTk1ZVVVCbXlwTXZyTEdXZ0d4VHI4bU02R1JYSnIzbnBpai1xUEthbi1QaC1mN2xjVTFueHlmU3MwVExVai1oWGhzM3cwcEt4VDNibFFkZ2tJbFpFU29HLXRMUmg4UWN5VUJrdUNPZG91MWotYk55dWlSVEZ6c05FUDZRWU5pOXFLV01CMHNrVFhtMVHSAbMBQVVfeXFMTklieFZHS18yOVJEUWdJNDZGbHQyXzcwZk5NMElEcHpKSDlCXzZ0LWhPbDhBSVNlOV91dW12WmY1Snd4U3JyQlN5U1kxUHpkalZrSU9BVm9qYWpQOS0xVEJFRHAwMDhELWR2VXB6Umh4Y0RPMmFxVElvbkNISllWUldOLTFGU3lBdjRlS2RlNjI3N0hWeHZsY05zbllBQjVxVUM0MThoOWQtQm1Kd2p5TElraTg?oc=5"" target=""_blank"">Dish TV’s Q2 loss widens to Rs 132 crore as revenue falls 26%</a>&nbsp;&nbsp;<font color=""#6f6f6f"">Storyboard18</font>",2025-11-14 08:00:00,Storyboard18,https://news.google.com/rss/articles/CBMirgFBVV95cUxNTks1WEhzSjBsTnlrbmswWUVqd2V1S3ZSTVNGTk1ZVVVCbXlwTXZyTEdXZ0d4VHI4bU02R1JYSnIzbnBpai1xUEthbi1QaC1mN2xjVTFueHlmU3MwVExVai1oWGhzM3cwcEt4VDNibFFkZ2tJbFpFU29HLXRMUmg4UWN5VUJrdUNPZG91MWotYk55dWlSVEZ6c05FUDZRWU5pOXFLV01CMHNrVFhtMVHSAbMBQVVfeXFMTklieFZHS18yOVJEUWdJNDZGbHQyXzcwZk5NMElEcHpKSDlCXzZ0LWhPbDhBSVNlOV91dW12WmY1Snd4U3JyQlN5U1kxUHpkalZrSU9BVm9qYWpQOS0xVEJFRHAwMDhELWR2VXB6Umh4Y0RPMmFxVElvbkNISllWUldOLTFGU3lBdjRlS2RlNjI3N0hWeHZsY05zbllBQjVxVUM0MThoOWQtQm1Kd2p5TElraTg?oc=5
DISHTV,Dish TV India Limited,Dish TV Wins High Court Victory in CENVAT Credit Dispute Case - scanx.trade,"<a href=""https://news.google.com/rss/articles/CBMiuAFBVV95cUxOMDhhVDZUNkJ3YThqMG9ENVNmR1Z5VEI1LXBEM1g3ZHh0TjBPemZGdV9hY3lOcW83YTZzdGdhYVNOdUJTMXhvYUlZWWphOXNwSWh0LVRZU2FBMDBvak9NdjV5MjRiQTNrOUNtSFN0UC1wa1ItMUc0MUNnel9hWllzUzh0c25mZGtJVnFHUmRfTU9oaXZkY1gxMVhfa1V4NTNOQ2tObzZVc0UyTmhUU1o0NERTQU1zMjhV?oc=5"" target=""_blank"">Dish TV Wins High Court Victory in CENVAT Credit Dispute Case</a>&nbsp;&nbsp;<font color=""#6f6f6f"">scanx.trade</font>",2025-11-14 08:00:00,scanx.trade,https://news.google.com/rss/articles/CBMiuAFBVV95cUxOMDhhVDZUNkJ3YThqMG9ENVNmR1Z5VEI1LXBEM1g3ZHh0TjBPemZGdV9hY3lOcW83YTZzdGdhYVNOdUJTMXhvYUlZWWphOXNwSWh0LVRZU2FBMDBvak9NdjV5MjRiQTNrOUNtSFN0UC1wa1ItMUc0MUNnel9hWllzUzh0c25mZGtJVnFHUmRfTU9oaXZkY1gxMVhfa1V4NTNOQ2tObzZVc0UyTmhUU1o0NERTQU1zMjhV?oc=5
DISHTV,Dish TV India Limited,Dish TV India Faces Rs 11.38 Lakh Fine from BSE and NSE for Board Composition Non-Compliance - scanx.trade,"<a href=""https://news.google.com/rss/articles/CBMi3wFBVV95cUxPVkIxSXFoUnZhV1JvYm9hUDZ0N2dwWFVKSVpkYlllSC0zOGxvLTQ5Y2x1dnBtWmNJeVU0VjIyQjBpdkFPSHNtQzBXX2x2dGQ2MFNrZWVGUG5jSkVlcUNuU0UwZ3FpYTV5WGVOQ045T0dOeHQxelZkcVNrRWNfdzNxSFpRU0VvTDBDbXY5WVVzUWlKUzdrSWJndXBYRS1LU040dkgwQ0FJM0YzNVYyR3JkTU1sd2JhSnRXZ1k5dDZCTjI5OEw3ZW55cl9qVWxGbVU1eXJnejB1eUVERm9wbkg0?oc=5"" target=""_blank"">Dish TV India Faces Rs 11.38 Lakh Fine from BSE and NSE for Board Composition Non-Compliance</a>&nbsp;&nbsp;<font color=""#6f6f6f"">scanx.trade</font>",2025-08-31 07:00:00,scanx.trade,https://news.google.com/rss/articles/CBMi3wFBVV95cUxPVkIxSXFoUnZhV1JvYm9hUDZ0N2dwWFVKSVpkYlllSC0zOGxvLTQ5Y2x1dnBtWmNJeVU0VjIyQjBpdkFPSHNtQzBXX2x2dGQ2MFNrZWVGUG5jSkVlcUNuU0UwZ3FpYTV5WGVOQ045T0dOeHQxelZkcVNrRWNfdzNxSFpRU0VvTDBDbXY5WVVzUWlKUzdrSWJndXBYRS1LU040dkgwQ0FJM0YzNVYyR3JkTU1sd2JhSnRXZ1k5dDZCTjI5OEw3ZW55cl9qVWxGbVU1eXJnejB1eUVERm9wbkg0?oc=5
DISHTV,Dish TV India Limited,Dish TV India Reports Consolidated Net Loss of ₹50.34 Crores for Q3 FY26 - scanx.trade,"<a href=""https://news.google.com/rss/articles/CBMixgFBVV95cUxNQlNqVWhmV01zRDRCQ29ERnF2eWc0U0x1b0t2TDlLLWNpZkxiZk5vUHhCeExPVUpWRmFWYWU0MG8tZDJWR2dMU2EtdFFEMzVsTTRGRFBjbXVPVVVHQXFGOFNBT09JcXBuWlE0WGhIbHd1OGtWQ3N3UE5CdGgtX09EQ1U1X1V6RmZuc0ZPY0d2b0YyeXU0SEhKV2RFekdocW8yQU9lbExHMzQ0R2xJMVd1bkxrTW1zZ1hfcUR4WHVHQkVWelpQX3c?oc=5"" target=""_blank"">Dish TV India Reports Consolidated Net Loss of ₹50.34 Crores for Q3 FY26</a>&nbsp;&nbsp;<font color=""#6f6f6f"">scanx.trade</font>",2026-02-06 08:00:00,scanx.trade,https://news.google.com/rss/articles/CBMixgFBVV95cUxNQlNqVWhmV01zRDRCQ29ERnF2eWc0U0x1b0t2TDlLLWNpZkxiZk5vUHhCeExPVUpWRmFWYWU0MG8tZDJWR2dMU2EtdFFEMzVsTTRGRFBjbXVPVVVHQXFGOFNBT09JcXBuWlE0WGhIbHd1OGtWQ3N3UE5CdGgtX09EQ1U1X1V6RmZuc0ZPY0d2b0YyeXU0SEhKV2RFekdocW8yQU9lbExHMzQ0R2xJMVd1bkxrTW1zZ1hfcUR4WHVHQkVWelpQX3c?oc=5
DISHTV,Dish TV India Limited,Dish TV India board approves Q1 2025 financial results - Investing.com India,"<a href=""https://news.google.com/rss/articles/CBMirwFBVV95cUxNNmh5MTBQUHJfUjM4a0IweEVPUmMtdm9ObXkxX3Noc1FzdDNEdUpCdFowTEdwNl9IWmc3WGE0cExSZ3Vrd0tMTk9TNm9kQWVHaFB1NERZVlFSaVVpbW5yV05mTkZoTVg5WmIyUE41MXNWTFROOGV3X1o1eXJlOUpDenRiZTFSX3IyMG1mSVhHSy05M05xWk1JR3VTY3dUZG5JSmNsWGU0THN3WExCZkpz?oc=5"" target=""_blank"">Dish TV India board approves Q1 2025 financial results</a>&nbsp;&nbsp;<font color=""#6f6f6f"">Investing.com India</font>",2025-08-12 07:00:00,Investing.com India,https://news.google.com/rss/articles/CBMirwFBVV95cUxNNmh5MTBQUHJfUjM4a0IweEVPUmMtdm9ObXkxX3Noc1FzdDNEdUpCdFowTEdwNl9IWmc3WGE0cExSZ3Vrd0tMTk9TNm9kQWVHaFB1NERZVlFSaVVpbW5yV05mTkZoTVg5WmIyUE41MXNWTFROOGV3X1o1eXJlOUpDenRiZTFSX3IyMG1mSVhHSy05M05xWk1JR3VTY3dUZG5JSmNsWGU0THN3WExCZkpz?oc=5
DISHTV,Dish TV India Limited,"Stock-Sensitive News: Torrent, Zydus, Reliance, Dish TV - HDFC Sky","<a href=""https://news.google.com/rss/articles/CBMicEFVX3lxTE9uSjlENU1wWmVCSFQ2Z2NqV19rem9aNThFUlFNM2U1OEo0TmhuYTlobUZQS3lfNDMyU2tsck9qRk85NUpDNjVjVmVQeFFNUHFBRHBqSDFHaHZnTVVSS2x2VmRqQUhDZkoyT0NMVXVubEk?oc=5"" target=""_blank"">Stock-Sensitive News: Torrent, Zydus, Reliance, Dish TV</a>&nbsp;&nbsp;<font color=""#6f6f6f"">HDFC Sky</font>",2025-09-01 07:00:00,HDFC Sky,https://news.google.com/rss/articles/CBMicEFVX3lxTE9uSjlENU1wWmVCSFQ2Z2NqV19rem9aNThFUlFNM2U1OEo0TmhuYTlobUZQS3lfNDMyU2tsck9qRk85NUpDNjVjVmVQeFFNUHFBRHBqSDFHaHZnTVVSS2x2VmRqQUhDZkoyT0NMVXVubEk?oc=5
DISHTV,Dish TV India Limited,"Dish TV Standalone June 2025 Net Sales at Rs 157.16 crore, down 17.72% Y-o-Y - Moneycontrol.com","<a href=""https://news.google.com/rss/articles/CBMi1wFBVV95cUxQR3pMM1lwWERPQVJib3JZZVJCUERoajNfeHlxRlRDMERIYXVBZnBRWUxwWldzdWFSbVlHTkxWMmJvaVhURGVnYnhjUGFDUnR5c3pTLXhPSFFGTDA3WDR6YkFNMF9ZTWtfOWlsME1IeTdFc3dLdS10amxyU21rdkFZcGpqdUZWQlNMQWxWcUQ1MXhhUGpuSDVsUzJJX1hFX0JXMk9taEpfNklrUFIySldfSHVIVldKSHlOMVA0Sm5SYW5EVTU1SUVocG90NmdZUnNnMnpOVm5qY9IB3AFBVV95cUxNOHhfUjNEazdfTXJnNjFCVGVLZ1ZBZG0wWmFwOC05Smx5cE1qZkVta09ZcEl1ZGRzd1VjNFBrSmVhbHZEZG1rOVRGTWU2X04zWGZTYm9iNHh2WWoxN3I4NFNWNVoycUdkRVV2bTdYUFRDbmQwUjAxOFJWR1dQZlJETE1vX2YxUXYxUlExNnR2bkV3VmJxLTR6STJVUTI5N3A1enZXb1RwUS1jMDNGODFmNU9oZ3Fqak5ZNXl2NGVGeGVFVm1xRWRMMFNXTHdtT2JYOEw4YWtvalhfQnlk?oc=5"" target=""_blank"">Dish TV Standalone June 2025 Net Sales at Rs 157.16 crore, down 17.72% Y-o-Y</a>&nbsp;&nbsp;<font color=""#6f6f6f"">Moneycontrol.com</font>",2025-08-14 07:00:00,Moneycontrol.com,https://news.google.com/rss/articles/CBMi1wFBVV95cUxQR3pMM1lwWERPQVJib3JZZVJCUERoajNfeHlxRlRDMERIYXVBZnBRWUxwWldzdWFSbVlHTkxWMmJvaVhURGVnYnhjUGFDUnR5c3pTLXhPSFFGTDA3WDR6YkFNMF9ZTWtfOWlsME1IeTdFc3dLdS10amxyU21rdkFZcGpqdUZWQlNMQWxWcUQ1MXhhUGpuSDVsUzJJX1hFX0JXMk9taEpfNklrUFIySldfSHVIVldKSHlOMVA0Sm5SYW5EVTU1SUVocG90NmdZUnNnMnpOVm5qY9IB3AFBVV95cUxNOHhfUjNEazdfTXJnNjFCVGVLZ1ZBZG0wWmFwOC05Smx5cE1qZkVta09ZcEl1ZGRzd1VjNFBrSmVhbHZEZG1rOVRGTWU2X04zWGZTYm9iNHh2WWoxN3I4NFNWNVoycUdkRVV2bTdYUFRDbmQwUjAxOFJWR1dQZlJETE1vX2YxUXYxUlExNnR2bkV3VmJxLTR6STJVUTI5N3A1enZXb1RwUS1jMDNGODFmNU9oZ3Fqak5ZNXl2NGVGeGVFVm1xRWRMMFNXTHdtT2JYOEw4YWtvalhfQnlk?oc=5
DISHTV,Dish TV India Limited,Stock exchanges impose fines on Dish TV over board strength - The Economic Times,"<a href=""https://news.google.com/rss/articles/CBMizgFBVV95cUxPMm9NQVFNN0ozOUhiY0dDalE1VVdnVVhxcW1Va3ZhNEZYeXozcVRpaTJ2blZhVWFJT2I4RTFtSkJwbUVvWXNhSk5RTVNyRVp4UU9RazdRbnZWb3BXV29UbDhMUGpuUDE2OWZmMWliQ3FxRWFyRkxubXBObEJ4Rk4ySlFfMldpVm5PUHNjX05WY0RaSmlQUHlZb0dDSmYzaklGdkdjSy1adGp2VDRSdGZVRFBMQzk1N3R6enliakZOemtzOHBwQWhUSlVHQVNpZ9IB0wFBVV95cUxOaURVeDQ1MzNMWUlxMUtwc1Nvc2t1T3Brcmc4UnROOVYwMFpQaVdoUGU1QWE3Vm1tU0U2QXZQYThhVjFPVFdHR2VlZk1vLUdYaXlRemRVY1c4MFV2TXBSd2dvWWZ4WFR4Yk9yQXNfTTNJTlVWNkYyRFVSaUtWcTliY1Jjb296Z0tUR3pyWUszekJQcTZSWDJNTDdPeDU3dGQ3ZGNvaTJpNHo5VDU4QjlyTENGQ1dVTjFLaU9wTmVZZ2tDS2ttbUVVc0VTV19OY3dLYUlr?oc=5"" target=""_blank"">Stock exchanges impose fines on Dish TV over board strength</a>&nbsp;&nbsp;<font color=""#6f6f6f"">The Economic Times</font>",2024-03-15 07:00:00,The Economic Times,https://news.google.com/rss/articles/CBMizgFBVV95cUxPMm9NQVFNN0ozOUhiY0dDalE1VVdnVVhxcW1Va3ZhNEZYeXozcVRpaTJ2blZhVWFJT2I4RTFtSkJwbUVvWXNhSk5RTVNyRVp4UU9RazdRbnZWb3BXV29UbDhMUGpuUDE2OWZmMWliQ3FxRWFyRkxubXBObEJ4Rk4ySlFfMldpVm5PUHNjX05WY0RaSmlQUHlZb0dDSmYzaklGdkdjSy1adGp2VDRSdGZVRFBMQzk1N3R6enliakZOemtzOHBwQWhUSlVHQVNpZ9IB0wFBVV95cUxOaURVeDQ1MzNMWUlxMUtwc1Nvc2t1T3Brcmc4UnROOVYwMFpQaVdoUGU1QWE3Vm1tU0U2QXZQYThhVjFPVFdHR2VlZk1vLUdYaXlRemRVY1c4MFV2TXBSd2dvWWZ4WFR4Yk9yQXNfTTNJTlVWNkYyRFVSaUtWcTliY1Jjb296Z0tUR3pyWUszekJQcTZSWDJNTDdPeDU3dGQ3ZGNvaTJpNHo5VDU4QjlyTENGQ1dVTjFLaU9wTmVZZ2tDS2ttbUVVc0VTV19OY3dLYUlr?oc=5
DISHTV,Dish TV India Limited,"Dish TV Standalone December 2025 Net Sales at Rs 117.76 crore, down 11.21% Y-o-Y - Moneycontrol.com","<a href=""https://news.google.com/rss/articles/CBMi3AFBVV95cUxPRm1hUjhPNXdHNW1RRjZKcG05TEZQenE2UWN2c2JiMERLMUp3UGZGZjBBaVpENFdGQVhFX2h3R1JqalREQVFXUURqY2l2OS1oMTN5dmhqUWhZaU9VQjZSMEhDVFh5RHlrTVFhLWczdHd1X0pCN0NQcHZTRWU0d2FsMkxzcDJXSU1tcVN5MXNkR18ybGRYUTRYQXRCTWphd0FwaVQ0NGNmb1FzT1FmSHp5Q0tveFN6X2NCMlFudkp3TUxaZm9JVUhpNGRNRlNncVJiWFBRVmR5Z0tmRk800gHiAUFVX3lxTE8xckg4TnVJN2NWTTN6dm40X1pqSXF4c2s0QjlxYnl6dWk3QXBfRjJTejZGZE95WEZXOHFEeUxhMW5saEZnS0JGNWxMMnFuaE1lWkxvRkpkUnRicmJ2b2x0LU9DVmFaVkc2ZXBPMnoxTndGd1ZHcERiUGNiNHdNSFE5VjZXanJwY3pDd01mbmZBU29XQ29YU3RLRllRT1Jqa1laUGYxbjRvLVBQcHpGLUhWOE9QdnNoVXlBZXdYUHpldHJCNjhuLUVwOF81elp1dnBITE5xbUFFNml4amkxRGY5bmc?oc=5"" target=""_blank"">Dish TV Standalone December 2025 Net Sales at Rs 117.76 crore, down 11.21% Y-o-Y</a>&nbsp;&nbsp;<font color=""#6f6f6f"">Moneycontrol.com</font>",2026-02-16 08:00:00,Moneycontrol.com,https://news.google.com/rss/articles/CBMi3AFBVV95cUxPRm1hUjhPNXdHNW1RRjZKcG05TEZQenE2UWN2c2JiMERLMUp3UGZGZjBBaVpENFdGQVhFX2h3R1JqalREQVFXUURqY2l2OS1oMTN5dmhqUWhZaU9VQjZSMEhDVFh5RHlrTVFhLWczdHd1X0pCN0NQcHZTRWU0d2FsMkxzcDJXSU1tcVN5MXNkR18ybGRYUTRYQXRCTWphd0FwaVQ0NGNmb1FzT1FmSHp5Q0tveFN6X2NCMlFudkp3TUxaZm9JVUhpNGRNRlNncVJiWFBRVmR5Z0tmRk800gHiAUFVX3lxTE8xckg4TnVJN2NWTTN6dm40X1pqSXF4c2s0QjlxYnl6dWk3QXBfRjJTejZGZE95WEZXOHFEeUxhMW5saEZnS0JGNWxMMnFuaE1lWkxvRkpkUnRicmJ2b2x0LU9DVmFaVkc2ZXBPMnoxTndGd1ZHcERiUGNiNHdNSFE5VjZXanJwY3pDd01mbmZBU29XQ29YU3RLRllRT1Jqa1laUGYxbjRvLVBQcHpGLUhWOE9QdnNoVXlBZXdYUHpldHJCNjhuLUVwOF81elp1dnBITE5xbUFFNml4amkxRGY5bmc?oc=5
DISHTV,Dish TV India Limited,"Dish TV Consolidated December 2025 Net Sales at Rs 299.05 crore, down 19.83% Y-o-Y - Moneycontrol.com","<a href=""https://news.google.com/rss/articles/CBMi3wFBVV95cUxPOEZudjhrR0lTaVEzNFdiQ3dYUUFvNjNBYU16Yl9sWWhDSWxHUm1RdnpEeHMwT1hxcHZKVnpGLVd1ajRWZGF3R040VUdLTTNCMklIQWpFdDNhZ3RGZnI0MUR4aElJUjhvNlZSMDBvbUliSl8zOTRqV1JWQzFvRjNXS1VwZldXZkNSSFJYaG1oYlYydUlNWU9FSlBqUkZtMTBXOWUydHliWmtrWmhEWV9aSnV4TVh4cmJ3YmNZT2s5OE01Skwya00tZTBKcGVHYlZtY0JaZUVvUWFfczBBNWM00gHkAUFVX3lxTE1NRmJwZEZmQmpvMHVOZkpSa0Z0UElPTWtNTTdSc3ZWYlA4NFFZR09hTWR1UzlRT2c3dnZxejNaRUItYmF5MVhVcnlya1FRYkUtSDJMaFFOTE15dy1WdWRXZ0gxbDdkc0FobXk1VjVmZWU1czh3dzNMNEpwcDV5RS05N1hVb09UUDN4N09WT3cyZWFVc1pjNU1WM3lqdDZZT0E4NXB5LWtXeGwzU1o4Y1hRbjZ1Mmt6X0xQUWNwZ1hkRFBNS255NExYSzJBVndFSVhobEE4eGdKOFJ6TUV3UjQ3dXZlUw?oc=5"" target=""_blank"">Dish TV Consolidated December 2025 Net Sales at Rs 299.05 crore, down 19.83% Y-o-Y</a>&nbsp;&nbsp;<font color=""#6f6f6f"">Moneycontrol.com</font>",2026-02-18 08:00:00,Moneycontrol.com,https://news.google.com/rss/articles/CBMi3wFBVV95cUxPOEZudjhrR0lTaVEzNFdiQ3dYUUFvNjNBYU16Yl9sWWhDSWxHUm1RdnpEeHMwT1hxcHZKVnpGLVd1ajRWZGF3R040VUdLTTNCMklIQWpFdDNhZ3RGZnI0MUR4aElJUjhvNlZSMDBvbUliSl8zOTRqV1JWQzFvRjNXS1VwZldXZkNSSFJYaG1oYlYydUlNWU9FSlBqUkZtMTBXOWUydHliWmtrWmhEWV9aSnV4TVh4cmJ3YmNZT2s5OE01Skwya00tZTBKcGVHYlZtY0JaZUVvUWFfczBBNWM00gHkAUFVX3lxTE1NRmJwZEZmQmpvMHVOZkpSa0Z0UElPTWtNTTdSc3ZWYlA4NFFZR09hTWR1UzlRT2c3dnZxejNaRUItYmF5MVhVcnlya1FRYkUtSDJMaFFOTE15dy1WdWRXZ0gxbDdkc0FobXk1VjVmZWU1czh3dzNMNEpwcDV5RS05N1hVb09UUDN4N09WT3cyZWFVc1pjNU1WM3lqdDZZT0E4NXB5LWtXeGwzU1o4Y1hRbjZ1Mmt6X0xQUWNwZ1hkRFBNS255NExYSzJBVndFSVhobEE4eGdKOFJ6TUV3UjQ3dXZlUw?oc=5
DISHTV,Dish TV India Limited,"Dish TV CEO Atul Dua to quit, Co proposes Manoj Dobhal new chief - ETLegalWorld.com","<a href=""https://news.google.com/rss/articles/CBMi1wFBVV95cUxORWJueXVzYW9zNm56NVMzLURkenRJd1YweHNZMDBYM2tzUzVLb25lY2NlTmRudDVJWDBrNmpDWk1oajZhWGtSaTAyZHRiWUNmNWxPOFNiV1dsNmJLRjlsQmx1TDljQXhUMTZPdVMzcnRBVmJOWnNrZjRURVZjXzA4T1hLenZsYmhIdEtteGx0S2VuVUduZDh2R1ZndUplSFlHVWVvejh6VHZ0bnFObjFpcmxpV0FuMmQzaGxzVGU3SENHbFVWTXZLai14cWlsWDJ5RHVBQXE1WdIB3AFBVV95cUxOSGlpd1ZQVkw5ckdGcUtZZ1dPb2VGbzFteDJ3ZGM1TFFBelNwZ1BVQWtxX3JrbkY4dXNpNTBxS2dHY18wZWFKaUZ5TVNrZkxjanlBZGhjYk1ReFpvUmc2U3lMb19sYVlLdTc2UHFFMGlRb09aRG1oMUFhM1Z3RzgzVWQySTJnR3dxLVowTDNSVE9aUzRUWDVXVmdjNW9ZTGVGd1o3RF9tbEF4Q2ZpcS1fZDBWTXh6eGRaQk9jREdXdzl3RktTak9mbXd5b19DUEhBYUxGNEZ3TVhYVjVa?oc=5"" target=""_blank"">Dish TV CEO Atul Dua to quit, Co proposes Manoj Dobhal new chief</a>&nbsp;&nbsp;<font color=""#6f6f6f"">ETLegalWorld.com</font>",2023-05-23 07:00:00,ETLegalWorld.com,https://news.google.com/rss/articles/CBMi1wFBVV95cUxORWJueXVzYW9zNm56NVMzLURkenRJd1YweHNZMDBYM2tzUzVLb25lY2NlTmRudDVJWDBrNmpDWk1oajZhWGtSaTAyZHRiWUNmNWxPOFNiV1dsNmJLRjlsQmx1TDljQXhUMTZPdVMzcnRBVmJOWnNrZjRURVZjXzA4T1hLenZsYmhIdEtteGx0S2VuVUduZDh2R1ZndUplSFlHVWVvejh6VHZ0bnFObjFpcmxpV0FuMmQzaGxzVGU3SENHbFVWTXZLai14cWlsWDJ5RHVBQXE1WdIB3AFBVV95cUxOSGlpd1ZQVkw5ckdGcUtZZ1dPb2VGbzFteDJ3ZGM1TFFBelNwZ1BVQWtxX3JrbkY4dXNpNTBxS2dHY18wZWFKaUZ5TVNrZkxjanlBZGhjYk1ReFpvUmc2U3lMb19sYVlLdTc2UHFFMGlRb09aRG1oMUFhM1Z3RzgzVWQySTJnR3dxLVowTDNSVE9aUzRUWDVXVmdjNW9ZTGVGd1o3RF9tbEF4Q2ZpcS1fZDBWTXh6eGRaQk9jREdXdzl3RktTak9mbXd5b19DUEhBYUxGNEZ3TVhYVjVa?oc=5
DISHTV,Dish TV India Limited,"Q3 results: RVNL, Glenmark Pharma, MTNL, Aditya Birla Fashion, Dish TV, others to post earnings on Feb 14; check list - Upstox","<a href=""https://news.google.com/rss/articles/CBMigAJBVV95cUxPdGllX3ROYWVRNkNFOFE2X04zSEY5ZjdBemNwYzZBZDFLMDN3UGVIcnFNZVdZNFlpREs5LWQyb2xLb3dtUW9HWXE1eUQ3TTFqeE9PcDAzcUtTeTg3MEZxTURKVmhmYU44cXdpcjhmdnRMYU11cVUwdjZZYm5VZzBOQ3FLdVJHV01SMERvZkltb0RaZUd4bWJBbE8yUTBINVJnWjVKZUM5eG1RdzBmaGxKUEROb3hHamdfXzJKSVp0VDZiNXdwQlI2VjhoRFVqQ3BTVXBPSXR2RGVCbDJPdGJmVUtWREpKWVVIcVlMLWl3MktDM1dlcjBId3piV25uOVVT?oc=5"" target=""_blank"">Q3 results: RVNL, Glenmark Pharma, MTNL, Aditya Birla Fashion, Dish TV, others to post earnings on Feb 14; check list</a>&nbsp;&nbsp;<font color=""#6f6f6f"">Upstox</font>",2025-02-13 08:00:00,Upstox,https://news.google.com/rss/articles/CBMigAJBVV95cUxPdGllX3ROYWVRNkNFOFE2X04zSEY5ZjdBemNwYzZBZDFLMDN3UGVIcnFNZVdZNFlpREs5LWQyb2xLb3dtUW9HWXE1eUQ3TTFqeE9PcDAzcUtTeTg3MEZxTURKVmhmYU44cXdpcjhmdnRMYU11cVUwdjZZYm5VZzBOQ3FLdVJHV01SMERvZkltb0RaZUd4bWJBbE8yUTBINVJnWjVKZUM5eG1RdzBmaGxKUEROb3hHamdfXzJKSVp0VDZiNXdwQlI2VjhoRFVqQ3BTVXBPSXR2RGVCbDJPdGJmVUtWREpKWVVIcVlMLWl3MktDM1dlcjBId3piV25uOVVT?oc=5
DISHTV,Dish TV India Limited,Dish TV India hits 10-year low; stock tanks 43% in two sessions - Business Standard,"<a href=""https://news.google.com/rss/articles/CBMixgFBVV95cUxOcVZVY29sMkxsQWhMVklPellBekFuTzN3NmtwS1M1d09JcnFPM1V2dHltTDJYczJDVlV1Ym9HTTI4S0NZSnVqRmNiY1ZzVF9ycHBtMnhpWlM1aUdZN1hrRzhOVzIweVo5d0NfaHVaQXNiRnltTzlrQ0lHRFlnLUg5U1ZmZzJ0Ukc5bjVObG5INjJnVzFzS2Rkc08yMWFQZ3ctUW9ZNzhCVlp0eHZTN1QtYy1BRjVkdHc5NXpwWUVjQTRoVXBUdXfSAcsBQVVfeXFMTkdLUFhhZ0dQU0VBQkVpMzJfNGVBWGpMVi1JeU1NcjJUb0l5U1dDdlBKeDRHYTItX0N2Z01vNVp4WVVPODM4SlE2b2xKRUhqVmV4M2NaSjc0Z1FMT0w3R05kVFJLVWVzN0ZreFBPb1poREJpY2diYkxtdl9YOE8yeGFYOGxrd2Q2WmNXaXZHcXdPdEdGVS16cDR3b2tOY3JUT1d2OTJUYXRNUThnUGkzay01TWtRSTNHYmQ2dmZLdUJ6WHFWVzdOSVZ1TGc?oc=5"" target=""_blank"">Dish TV India hits 10-year low; stock tanks 43% in two sessions</a>&nbsp;&nbsp;<font color=""#6f6f6f"">Business Standard</font>",2019-01-28 08:00:00,Business Standard,https://news.google.com/rss/articles/CBMixgFBVV95cUxOcVZVY29sMkxsQWhMVklPellBekFuTzN3NmtwS1M1d09JcnFPM1V2dHltTDJYczJDVlV1Ym9HTTI4S0NZSnVqRmNiY1ZzVF9ycHBtMnhpWlM1aUdZN1hrRzhOVzIweVo5d0NfaHVaQXNiRnltTzlrQ0lHRFlnLUg5U1ZmZzJ0Ukc5bjVObG5INjJnVzFzS2Rkc08yMWFQZ3ctUW9ZNzhCVlp0eHZTN1QtYy1BRjVkdHc5NXpwWUVjQTRoVXBUdXfSAcsBQVVfeXFMTkdLUFhhZ0dQU0VBQkVpMzJfNGVBWGpMVi1JeU1NcjJUb0l5U1dDdlBKeDRHYTItX0N2Z01vNVp4WVVPODM4SlE2b2xKRUhqVmV4M2NaSjc0Z1FMT0w3R05kVFJLVWVzN0ZreFBPb1poREJpY2diYkxtdl9YOE8yeGFYOGxrd2Q2WmNXaXZHcXdPdEdGVS16cDR3b2tOY3JUT1d2OTJUYXRNUThnUGkzay01TWtRSTNHYmQ2dmZLdUJ6WHFWVzdOSVZ1TGc?oc=5
DISHTV,Dish TV India Limited,Dish TV India Limited proposes Manoj Dobhal as the CEO-designate - The Financial Express,"<a href=""https://news.google.com/rss/articles/CBMixAFBVV95cUxOR1RNRUZyb01tYlJpTkR2bUdNT1dlWFpGb3Z2dDFRUndQUmlGN2s5OVBKSGNuNWJyYXZkT2xrbHBBWVgtQXNud1ZqT3VteHF1R1E1Q1NsVUhOQVBNY3VmMGJxcmpubG5mUTA2Z1Z4dHhEaU5jMXVhM3RLd1NicXhTT1JrdXI3R2RrNDVnLUR4QkVYTktHNHRSZVQzR2k2Z3N6OGkteWV1bWpwaWZUUUhuaEJlaHhHcUNnZmRrU1lkaDZyWWRM0gHLAUFVX3lxTFBXbWVPY2ZzNUF1VjhrenFRRVRva05fU0x0M1BxeEtaT2lJeGpQbDQ5RjI5N1k3OEpxTndmcmZFUjdKUVNpcEZuZkNGSXJGdGhmd3ZvdG9tUW0tV3pPaEpkTEp0dTMyakZhVlk2NXdQYVZka01YYUgtLWFTMDVrR2NVSkpqSzFqV2xNMVMteFlBYUFscnRtZVNVQkZBTE16MzZ0VzA1TVNJbVM2Zi0xcmpfUWRkNF8xdVNSTDdPSlV3eU9LbUV4QkdaT3Fn?oc=5"" target=""_blank"">Dish TV India Limited proposes Manoj Dobhal as the CEO-designate</a>&nbsp;&nbsp;<font color=""#6f6f6f"">The Financial Express</font>",2023-05-23 07:00:00,The Financial Express,https://news.google.com/rss/articles/CBMixAFBVV95cUxOR1RNRUZyb01tYlJpTkR2bUdNT1dlWFpGb3Z2dDFRUndQUmlGN2s5OVBKSGNuNWJyYXZkT2xrbHBBWVgtQXNud1ZqT3VteHF1R1E1Q1NsVUhOQVBNY3VmMGJxcmpubG5mUTA2Z1Z4dHhEaU5jMXVhM3RLd1NicXhTT1JrdXI3R2RrNDVnLUR4QkVYTktHNHRSZVQzR2k2Z3N6OGkteWV1bWpwaWZUUUhuaEJlaHhHcUNnZmRrU1lkaDZyWWRM0gHLAUFVX3lxTFBXbWVPY2ZzNUF1VjhrenFRRVRva05fU0x0M1BxeEtaT2lJeGpQbDQ5RjI5N1k3OEpxTndmcmZFUjdKUVNpcEZuZkNGSXJGdGhmd3ZvdG9tUW0tV3pPaEpkTEp0dTMyakZhVlk2NXdQYVZka01YYUgtLWFTMDVrR2NVSkpqSzFqV2xNMVMteFlBYUFscnRtZVNVQkZBTE16MzZ0VzA1TVNJbVM2Zi0xcmpfUWRkNF8xdVNSTDdPSlV3eU9LbUV4QkdaT3Fn?oc=5
DISHTV,Dish TV India Limited,Dish TV gets CCI nod for merger with Videocon d2h - The Times of India,"<a href=""https://news.google.com/rss/articles/CBMizwFBVV95cUxNNl8wX2s1X1ZLSWZZX01GT2hncHFrU0JUN3VQSDZwekNFaERQdUl3WE50RzUzc2lQbmhMZnVGZXdqN0NzcG91V29lZjhXM2t0eVFfNlFxNjlXb094eE9lVGMzNUZaS183VGw0dGg4UnlUY3dHaFRUS0w2bzFXeTBiTGVyNHZ0SUh4N3lGZURYenRqM20zNUlldXo3ak42MDF3Q2twaTBxekIzWXNWX0V1cHVUeWlPUFBYYkZLUldzOEszTFNUYkVPNzNlMFl3bEHSAdQBQVVfeXFMTXRiMHBLZXVia0VPWmhnTGdMUE10UU5SbU54MkIwaVdvUGU1cmJ1ZXZqMWhVMlg2cURYTVE5TzAtdS02Q3ZIbkxUX09XY1FROFkydlhQV0E4VjRLX0MyQ0JnSTVENld2TmxsUFJQeDFUUFlCMzhqUGxHU2FsbG8tcDVPbGd6WE1IcDRLNXp0UGZhZzFVZDhrbjN5SURMTVJqR1QxYS1JR1JvSF9iVUdsVkZteGZIRTJSWEJrUGoyWUxBNHNiQTVYcTJKTjM3c0JPQWN6ekE?oc=5"" target=""_blank"">Dish TV gets CCI nod for merger with Videocon d2h</a>&nbsp;&nbsp;<font color=""#6f6f6f"">The Times of India</font>",2017-05-11 07:00:00,The Times of India,https://news.google.com/rss/articles/CBMizwFBVV95cUxNNl8wX2s1X1ZLSWZZX01GT2hncHFrU0JUN3VQSDZwekNFaERQdUl3WE50RzUzc2lQbmhMZnVGZXdqN0NzcG91V29lZjhXM2t0eVFfNlFxNjlXb094eE9lVGMzNUZaS183VGw0dGg4UnlUY3dHaFRUS0w2bzFXeTBiTGVyNHZ0SUh4N3lGZURYenRqM20zNUlldXo3ak42MDF3Q2twaTBxekIzWXNWX0V1cHVUeWlPUFBYYkZLUldzOEszTFNUYkVPNzNlMFl3bEHSAdQBQVVfeXFMTXRiMHBLZXVia0VPWmhnTGdMUE10UU5SbU54MkIwaVdvUGU1cmJ1ZXZqMWhVMlg2cURYTVE5TzAtdS02Q3ZIbkxUX09XY1FROFkydlhQV0E4VjRLX0MyQ0JnSTVENld2TmxsUFJQeDFUUFlCMzhqUGxHU2FsbG8tcDVPbGd6WE1IcDRLNXp0UGZhZzFVZDhrbjN5SURMTVJqR1QxYS1JR1JvSF9iVUdsVkZteGZIRTJSWEJrUGoyWUxBNHNiQTVYcTJKTjM3c0JPQWN6ekE?oc=5
DISHTV,Dish TV India Limited,"Dish TV share price gives up morning gains after firm names Sunil Khanna, Ravi Bhushan as directors - Mint","<a href=""https://news.google.com/rss/articles/CBMiwAFBVV95cUxOTHFnbE1wTVg1b01CY3NuTDAxQlVkYVNMU094eC1FVXBGc1VHZGhyS3BySHVydTFfMlRKeFFsYjVaT1h4NVlaVWV5S1VaRHo2LW5DcE5Md1otcHZYckdXakFkSC1RV3hudGVDeEs2clhqSktjX2cyMElkVHR0LWVmUDFSbmVlRXZMNmNZMFZWVk9aT3p2bjcwWXItT05WdkppUTBFbF9qODNYcFEwYmVPQmNJZk5VN1BaQ0I5V2k2Q1nSAcYBQVVfeXFMT0hhSkpfT0tTaDdxZDFoSFBDMHMtaUNHQ3NXUVprZ19ROWFJTTJNYzBySW0yOVhyOUc2NDRTcUdDUS1mYUpLY1JwTFgtQ0c5Zkx1c1RBakZpWG9ITWd1Nzljanl0YjVSTFRpOVk3UXZSYzZ6aW1Bb053YzNFemk1dThQVWo0b3htSENReFJIYkZaM0IyV21uVC16RWNSLWdCRUlBSkcxcWRMblYzSmt0b1V6WnFMaEpLbW92NW8xYkx3S2NMZGRn?oc=5"" target=""_blank"">Dish TV share price gives up morning gains after firm names Sunil Khanna, Ravi Bhushan as directors</a>&nbsp;&nbsp;<font color=""#6f6f6f"">Mint</font>",2023-12-27 08:00:00,Mint,https://news.google.com/rss/articles/CBMiwAFBVV95cUxOTHFnbE1wTVg1b01CY3NuTDAxQlVkYVNMU094eC1FVXBGc1VHZGhyS3BySHVydTFfMlRKeFFsYjVaT1h4NVlaVWV5S1VaRHo2LW5DcE5Md1otcHZYckdXakFkSC1RV3hudGVDeEs2clhqSktjX2cyMElkVHR0LWVmUDFSbmVlRXZMNmNZMFZWVk9aT3p2bjcwWXItT05WdkppUTBFbF9qODNYcFEwYmVPQmNJZk5VN1BaQ0I5V2k2Q1nSAcYBQVVfeXFMT0hhSkpfT0tTaDdxZDFoSFBDMHMtaUNHQ3NXUVprZ19ROWFJTTJNYzBySW0yOVhyOUc2NDRTcUdDUS1mYUpLY1JwTFgtQ0c5Zkx1c1RBakZpWG9ITWd1Nzljanl0YjVSTFRpOVk3UXZSYzZ6aW1Bb053YzNFemk1dThQVWo0b3htSENReFJIYkZaM0IyV21uVC16RWNSLWdCRUlBSkcxcWRMblYzSmt0b1V6WnFMaEpLbW92NW8xYkx3S2NMZGRn?oc=5
DISHTV,Dish TV India Limited,"Dish TV Fined ₹11.38 Lakh By BSE, NSE Over Weak Board Structure, Company Blames Shareholder Rejection - Free Press Journal","<a href=""https://news.google.com/rss/articles/CBMi1AFBVV95cUxQUGxoVFl3UmwyRFUwWFh2VDVlWlh3ZUlsci1fUWtITjQ0ZDZ1dTR3UFdQcDU1amdZdHEzeHJ4bjdickoteTVtSEJXaXdUNGZYb0lPZXZ3dGhtZHd4dnlpeWtOS2N6QVFIc0FSblgtaVMwUGJqbGt2XzJxdHgwcDdPYkQxbXFLRUQxZ01Ub1p0WTJsc0Y2MGQ3X0pXYklidHFRTGRrM0lEcnpYREhGVlY0VW1kdmFCNE5lQTMzb0FBZ3NFQTN2MGxJZk9ZVE5vWmhWNDNES9IB2gFBVV95cUxNdFlvOVU4bWVWYWVQZXNoLUpxN2JLc2RLeUdyTGxra0tvbEFrNThYa2pRbDFYaE16Z0YxS25YLXhqTk1uRjZUQkpiRDJjb3Q0UmJkNV9vdkdTSllVWkdxSndNUlVNNDFNcTcxT2o2eFl3MTNNeDFsRnFQZUhrZ3pkaEo1cjduVHZRRnlMamszaGgxNU8xdXhRUFNhYmRZM2xLVzRZeDE5c2l6ZTg1NnVZWjdwTktTaDFzS0JPaHNsczUzRHowQ0VCOVFGU2xDNkFkM2xsRFQxYlhRdw?oc=5"" target=""_blank"">Dish TV Fined ₹11.38 Lakh By BSE, NSE Over Weak Board Structure, Company Blames Shareholder Rejection</a>&nbsp;&nbsp;<font color=""#6f6f6f"">Free Press Journal</font>",2025-08-31 07:00:00,Free Press Journal,https://news.google.com/rss/articles/CBMi1AFBVV95cUxQUGxoVFl3UmwyRFUwWFh2VDVlWlh3ZUlsci1fUWtITjQ0ZDZ1dTR3UFdQcDU1amdZdHEzeHJ4bjdickoteTVtSEJXaXdUNGZYb0lPZXZ3dGhtZHd4dnlpeWtOS2N6QVFIc0FSblgtaVMwUGJqbGt2XzJxdHgwcDdPYkQxbXFLRUQxZ01Ub1p0WTJsc0Y2MGQ3X0pXYklidHFRTGRrM0lEcnpYREhGVlY0VW1kdmFCNE5lQTMzb0FBZ3NFQTN2MGxJZk9ZVE5vWmhWNDNES9IB2gFBVV95cUxNdFlvOVU4bWVWYWVQZXNoLUpxN2JLc2RLeUdyTGxra0tvbEFrNThYa2pRbDFYaE16Z0YxS25YLXhqTk1uRjZUQkpiRDJjb3Q0UmJkNV9vdkdTSllVWkdxSndNUlVNNDFNcTcxT2o2eFl3MTNNeDFsRnFQZUhrZ3pkaEo1cjduVHZRRnlMamszaGgxNU8xdXhRUFNhYmRZM2xLVzRZeDE5c2l6ZTg1NnVZWjdwTktTaDFzS0JPaHNsczUzRHowQ0VCOVFGU2xDNkFkM2xsRFQxYlhRdw?oc=5
