Date,Open,High,Low,Close,Volume,RSI
2021-03-04,1915.2275951996053,1915.2275951996053,1876.193471699818,1893.7608642578125,26503,
2021-03-05,1882.5246194690344,1911.8735556300217,1833.4699690285272,1841.3521728515625,27494,0.0
2021-03-08,1836.404954865448,1861.393519853211,1819.8857366268003,1846.2578125,22775,8.55918503830516
2021-03-09,1877.4514084305963,1881.6021456073854,1853.3853216825098,1867.388916015625,18920,33.190896712701814
2021-03-10,1877.241797875389,1927.8058638704003,1876.7805593559135,1912.58642578125,40848,57.61287335259847
2021-03-12,1926.9669830647472,1948.769046406646,1903.4878379273177,1926.17041015625,36494,61.80874125905229
2021-03-15,1928.6442254873803,1965.4143288055475,1914.3890290381257,1943.1929931640625,30918,66.02343124313475
2021-03-16,1952.9201610945206,2025.0766602649107,1944.1994159577246,2014.6788330078125,48586,76.78312632758389
2021-03-17,2025.0767193659074,2041.8475410583787,1899.5471599421487,1934.5142822265625,23754,56.66123422343464
2021-03-18,1947.5116281286441,1959.4608383335237,1887.5139738397547,1900.804931640625,9548,51.03708413743822
2021-03-19,1895.1028784751136,1900.7630308776388,1801.0605763723067,1844.455078125,272598,43.77387900287851
2021-03-22,1848.983288235259,1869.94681758033,1827.0555184291013,1856.19482421875,10866,45.3929181054706
2021-03-23,1869.9467503098933,1899.253722335605,1821.3113639789635,1838.8367919921875,34297,43.539209193622405
2021-03-24,1836.4052904935902,1864.9156922638103,1825.3785552271352,1837.4114990234375,13874,43.393702225293104
2021-03-25,1836.1534022609571,1842.4004924997798,1814.8545402499255,1836.991943359375,25055,43.35105523623469
2021-03-26,1836.4050555252222,1875.7745202232559,1836.4050555252222,1864.9993896484375,45514,52.93753889564866
2021-03-30,1841.4362241293768,1932.8372024673104,1841.4362241293768,1914.1376953125,36784,57.597363455073975
2021-03-31,1914.1377915158432,1968.9365361072478,1889.1492249626053,1925.3323974609375,41077,56.632773830926325
2021-04-01,1935.436185359977,1994.0501079045837,1926.2959674149208,1988.2222900390625,17016,58.32097604866814
2021-04-05,2004.1129432051755,2016.2298194278692,1963.862976144988,1988.8095703125,36820,57.09402423088855
2021-04-06,1972.2487546610655,2070.358067711807,1972.2487546610655,2035.9359130859375,58401,59.83287414231712
2021-04-07,2046.6269459331666,2054.425418056295,1987.3421390993547,1998.5367431640625,12635,48.1552298805997
2021-04-08,2004.113214002133,2039.6255112101544,1994.5956906995784,2013.6307373046875,10761,60.62139874533762
2021-04-09,2022.98023860999,2022.98023860999,1959.6703907281021,1965.91748046875,14962,58.42460214673346
2021-04-12,1960.0895712609574,1960.0895712609574,1890.9099393341003,1894.725341796875,13004,56.263658509281704
2021-04-13,1865.8378001334365,1926.128820640864,1865.8378001334365,1920.259033203125,5557,57.71710846718317
2021-04-15,1899.2533043062551,1914.640612793996,1892.5869446260137,1900.17578125,3061,57.3406360504556
2021-04-16,1895.9833450736553,1930.321561268248,1895.9833450736553,1901.475830078125,6210,57.66908549646118
2021-04-19,1873.3008261504026,1878.122437497925,1836.069683025271,1843.5745849609375,14766,50.69267520218923
2021-04-20,1869.4853712794977,1870.575515628713,1836.4049665927969,1852.2115478515625,6754,48.597179199718035
2021-04-22,1851.4986121440757,1867.850162387196,1839.8010056068456,1855.8170166015625,6232,42.89218523167945
2021-04-23,1861.4769692214477,1878.5833273997218,1849.0667269642765,1861.267333984375,7463,42.08121200891673
2021-04-26,1861.267345463319,1915.143601723257,1840.5554248571884,1856.8232421875,21663,31.015388804800594
2021-04-27,1857.3685054007528,1910.993166903487,1857.3685054007528,1869.1920166015625,22928,33.28657678994725
2021-04-28,1878.1643312771128,1907.6809360241755,1870.785128909862,1878.835205078125,14105,25.48102734493328
2021-04-29,1886.7175322698072,1901.8112725279657,1861.5612985062098,1865.7120361328125,5932,27.570183618998612
2021-04-30,1854.0143741656182,1906.2555256982114,1844.7904220553417,1880.973388671875,36575,27.611099917303164
2021-05-03,1874.1391208548266,1895.1026456966033,1855.1880125090918,1885.37548828125,9700,34.079199587671056
2021-05-04,1886.7174852952865,1899.2956018639218,1848.9831355893807,1857.116943359375,5285,41.046139896071885
2021-05-05,1866.3827065041846,1882.6922886717857,1838.8785196434387,1843.8677978515625,11546,30.682714063903532
2021-05-06,1865.711910693008,1865.711910693008,1832.1702679300263,1837.7884521484375,8096,33.02143096809772
2021-05-07,1847.0123220414978,1865.418461469405,1840.6395330321625,1849.4442138671875,4557,36.59528058071612
2021-05-10,1859.6328135142685,1871.4563265469772,1851.6247039582124,1861.51953125,7540,56.05211392737546
2021-05-11,1861.561288294983,1864.9154527783974,1833.0928581863939,1849.9893798828125,13027,49.26489710013132
2021-05-12,1853.175721769077,1861.5611322748196,1824.6653260495527,1827.6002197265625,10864,41.697543945347576
2021-05-14,1838.08216368759,1869.9467267442178,1823.8269644254144,1828.39697265625,32304,40.055969653192
2021-05-17,1830.70258261239,1856.0684466480222,1826.2165113103108,1843.4483642578125,9553,46.197816139579395
2021-05-18,1844.7902990549876,1872.4621535408126,1844.7902990549876,1866.173095703125,10500,49.189508409042794
2021-05-19,1865.753695195553,1880.6797657015015,1839.8008926045204,1846.970458984375,13354,41.862916851102554
2021-05-20,1849.1087071760894,1873.3006982612997,1838.9205153478201,1860.8065185546875,10857,48.75185578601467
2021-05-21,1869.9466435362901,1907.6809928453185,1865.1250322356923,1901.2662353515625,26082,54.576422363599825
2021-05-24,1928.6446122623845,1968.0560456433984,1879.380320536117,1889.904052734375,36405,50.990192561464646
2021-05-25,1845.8384034364333,1907.6808030972793,1845.8384034364333,1887.0526123046875,22833,57.363748448325865
2021-05-26,1916.9045292944475,1959.6701159060033,1897.9534227503693,1940.67724609375,42113,69.86737264973624
2021-05-27,1953.800626830318,1953.800626830318,1905.1652464199497,1910.4061279296875,18929,63.55661983745292
2021-05-28,1949.6080219579264,1953.800727381492,1890.9101460280103,1910.9931640625,13801,61.9855880749093
2021-05-31,1931.9986082184146,1931.9986082184146,1884.0760683798976,1909.8612060546875,8431,59.83277955693585
2021-06-01,1927.8058140778285,1927.8058140778285,1877.4513846448067,1889.6102294921875,83682,57.78283993305166
2021-06-02,1923.6134554767007,1923.6134554767007,1899.2957614013633,1914.9764404296875,8110,66.96514658381913
2021-06-03,1918.8755020965064,1926.7157381153302,1899.672789133881,1902.9849853515625,8370,63.8788253224821
2021-06-04,1905.3329126206474,1923.571180264358,1891.2873501823874,1898.75048828125,8175,60.721843844267426
2021-06-07,1917.9952264680064,1928.6446582015094,1903.823758102827,1909.52587890625,7805,58.81350060353864
2021-06-08,1910.448218855893,1922.9004312911204,1898.8343427942332,1911.6640625,5751,64.1325936323995
2021-06-09,1911.8316427506531,1924.5356626026014,1899.463162154806,1903.907470703125,7701,59.67250514878185
2021-06-10,1908.4776250746042,1921.9362510228855,1903.6140456241346,1915.605224609375,8602,53.694864840891036
2021-06-11,1920.2590685596797,1967.1754009279175,1913.5507399358905,1923.529296875,18424,58.82083199372873
2021-06-14,1949.607879831794,1957.9932900676297,1920.971785765187,1931.6212158203125,25196,61.37872615212773
2021-06-15,1944.5767425796819,1966.378810413693,1940.3840372269874,1946.044189453125,11028,51.71314436765701
2021-06-16,1955.8129569654413,1955.8129569654413,1920.2589002641673,1927.428466796875,4924,55.87038978206051
2021-06-17,1925.2901347547795,1937.0297087471868,1894.2641177748462,1901.72705078125,12614,47.276260682104585
2021-06-18,1903.4877457170523,1910.8249782170628,1867.514424834327,1871.6651611328125,16806,40.40440468436244
2021-06-21,1861.5611558631865,1886.2981171685758,1851.0374246007434,1882.566650390625,6910,48.14329522381432
2021-06-22,1886.7173889186845,1947.9308864258242,1872.5041588665515,1917.743408203125,19110,50.693510004448605
2021-06-23,1937.0297381132425,1958.4125339235834,1918.5818358454972,1950.069091796875,17918,60.70948427949562
2021-06-24,1958.8321400082823,1974.764421968966,1926.9675760869147,1964.114990234375,19643,64.2322143170017
2021-06-25,1973.925790502579,1974.76433162004,1923.6133234549347,1937.574951171875,26823,55.71496080226034
2021-06-28,1929.4828543358008,1945.289434183819,1914.8083867343769,1919.96533203125,24343,51.59106287042678
2021-06-29,1928.6445758738166,1960.509138431732,1903.4463742750747,1946.379638671875,19627,57.597080404173795
2021-06-30,1931.3280585350776,1994.0509814875759,1929.7349121375648,1974.42919921875,30734,59.94046685864695
2021-07-01,1962.2701097620818,1970.5296167629165,1947.0924339651333,1950.9078369140625,11832,54.39493061894088
2021-07-02,1959.2930983894462,1970.5294663818072,1937.8683339776733,1969.3555908203125,9619,55.86238861992636
2021-07-05,1970.5716004613814,1987.1327873163227,1946.2539083705815,1974.1773681640625,15180,54.50515381292236
2021-07-06,1970.5713312382222,1985.6650690945148,1945.4990374657045,1951.871826171875,6377,53.86856163848964
2021-07-07,1947.1343726077632,1967.1334547056576,1939.6294708212088,1954.345703125,4803,58.988631899246045
2021-07-08,1953.8006710960358,1962.0184144338748,1929.692615605044,1936.8621826171875,6090,61.63745467856645
2021-07-09,1936.8619039240057,1954.5549949227375,1918.581670489817,1924.8707275390625,6999,57.52187073638388
2021-07-12,1913.5508283871973,1951.5787499198693,1908.5195816867927,1911.748046875,7711,48.84327799293635
2021-07-13,1896.1927997367077,1930.7826159044798,1896.1927997367077,1918.3302001953125,3503,43.201029658107274
2021-07-14,1919.5463575649803,1934.0531601469008,1909.1065613771611,1925.709716796875,5517,41.53110666063699
2021-07-15,1926.1291547404871,1935.3531080283171,1908.9810279815981,1920.1336669921875,3068,45.76213574667076
2021-07-16,1928.6446271140064,1931.3698858262328,1910.1967219850899,1913.173583984375,4162,48.259683128328895
2021-07-19,1899.295442837517,1918.5399186318152,1895.1027376656903,1898.792236328125,5022,37.004842899125826
2021-07-20,1899.295519914054,1931.453651775768,1895.1028145720804,1905.207275390625,12496,28.564041073623756
2021-07-22,1920.2589634814972,1932.837078962817,1889.2749132902322,1903.73974609375,9737,33.082756802999555
2021-07-23,1934.5141152176022,1939.54536129099,1899.295392703888,1919.294677734375,5647,31.66475161735974
2021-07-26,1919.2950823591907,1926.9676523498636,1892.5874636003664,1899.673095703125,8112,25.38111852852792
2021-07-27,1909.1902351358867,1918.5398856194076,1896.821755091823,1899.29541015625,5244,29.682567536714274
2021-07-28,1902.398161574714,1903.572241953406,1878.332072835894,1891.035888671875,4613,26.581946975539537
2021-07-29,1887.556065458577,1899.7568797270114,1887.556065458577,1890.8262939453125,2839,30.476584906246444
2021-07-30,1900.3016227905516,1918.3722227559804,1880.176638265956,1904.95556640625,6079,41.70457307368843
2021-08-02,1918.5817334755952,1921.1393243706343,1901.852882119787,1912.208740234375,6342,50.20176207685564
2021-08-03,1922.7746693761158,1928.644456853496,1889.3169626438246,1904.578369140625,18901,44.03213656450676
2021-08-04,1921.3487942205713,1926.002737133564,1866.0888263907489,1875.6483154296875,28652,31.69818696899023
2021-08-05,1893.582024173083,1895.3669819113995,1880.068055600007,1886.6976318359375,9693,38.2465719096553
2021-08-06,1879.260946007139,1922.9903423464596,1879.260946007139,1891.5850830078125,16281,42.29900012802124
2021-08-09,1910.6659467584752,1917.4229311812928,1887.9300419204906,1895.0694580078125,9939,48.56007531782972
2021-08-10,1895.4521137574684,1901.104134250624,1844.3706142053668,1851.9775390625,16129,33.96180474843979
2021-08-11,1857.119766398802,1865.619170364014,1805.2734022110094,1811.7330322265625,17567,27.529057651405978
2021-08-12,1812.9230781567355,1851.0004538825006,1812.8805396309303,1824.354736328125,7600,26.47561987770618
2021-08-13,1840.1211521360683,1917.4657363598014,1828.6044170501057,1885.932861328125,78329,47.18145650789072
2021-08-16,1886.8679092698164,1903.5268260653718,1883.0006384953122,1891.0750732421875,197979,48.346085851949624
2021-08-17,1899.6168584480877,1918.6979795744546,1885.7627879570662,1897.5345458984375,36316,51.31705574448272
2021-08-18,1897.5346792355324,1918.6981143986745,1886.0179441145444,1891.2449951171875,24961,50.082815515040075
2021-08-20,1895.3674319875831,1895.3674319875831,1867.659286975354,1882.1082763671875,6873,45.38995423082816
2021-08-23,1923.4152167296072,1923.4152167296072,1836.0412979507462,1859.7547607421875,11034,40.02394051830572
2021-08-24,1865.2792557240323,1879.4306801611292,1847.7704007553623,1857.03466796875,8157,40.78571205509864
2021-08-25,1852.8699679850029,1894.5170452470509,1852.8699679850029,1875.0958251953125,6378,49.88821423349444
2021-08-26,1884.4878507196647,1887.717665804659,1869.0189766341489,1870.33642578125,1940,46.60316562428246
2021-08-27,1879.7285440298417,1882.6182588065926,1861.3697457275114,1870.8890380859375,3501,45.6244289939454
2021-08-30,1902.9740466118578,1902.9740466118578,1870.8887960139166,1876.83837890625,11393,46.18533349884525
2021-08-31,1873.3537703982129,1886.3576928734954,1866.5542470103587,1879.6007080078125,60639,56.95339737448093
2021-09-01,1899.5744960606787,1953.5882568225336,1888.737754588202,1935.10205078125,36298,78.8396882260652
2021-09-02,1950.61333416734,1953.1631555191927,1920.8654183957249,1929.0672607421875,12439,75.25619668273656
2021-09-03,1938.7142244555996,1946.3636887344687,1912.366069717273,1916.27587890625,8926,59.57108951088371
2021-09-06,1929.3645932073432,1933.6142949544958,1897.7043151910552,1901.4439697265625,12379,53.08224546491679
2021-09-07,1897.1520999795803,1924.562678603982,1895.3671420904157,1907.606201171875,14401,52.99918792516698
2021-09-08,1903.8667252590988,1907.606380467427,1878.411048714783,1891.16015625,19575,49.97617727126581
2021-09-09,1875.0111478559586,1899.57434355284,1859.6696814236548,1866.341796875,15586,45.93111573853845
2021-09-13,1875.6912908496759,1890.1826104898253,1854.5701862490077,1873.69384765625,8643,53.89919707047163
2021-09-14,1873.693582941,1873.693582941,1862.7717659672276,1869.5712890625,17924,53.4795819351761
2021-09-15,1869.5710835144114,1885.1675709014432,1865.618944151789,1880.025390625,48425,51.42854110730242
2021-09-16,1910.666123033597,1910.666123033597,1863.1545350936105,1868.2965087890625,33535,49.431803113029396
2021-09-17,1876.6684737663231,1897.0670441333484,1866.4691885828106,1879.345703125,22061,52.22538526723447
2021-09-20,1879.2185404213214,1890.6927377508953,1862.2197295626934,1870.464111328125,6511,48.34809412997347
2021-09-21,1866.4691203829132,1894.5171536127111,1851.9775950465216,1885.6778564453125,12887,51.47942990954153
2021-09-22,1891.0750288993358,1891.0750288993358,1865.619353032085,1871.4415283203125,4874,30.60586970443221
2021-09-23,1880.0681915311895,1884.7854023192558,1856.312398514421,1869.3165283203125,6705,31.3527644102561
2021-09-24,1886.0178307109552,1902.1666990225858,1868.1690815244162,1875.861083984375,11463,36.875462818343706
2021-09-27,1885.5929681357356,1892.860000791823,1873.2262925637979,1885.932861328125,7849,44.8021310661303
2021-09-28,1896.217017646295,1896.217017646295,1860.604598165373,1864.7266845703125,5095,36.946903805835426
2021-09-29,1869.8688442817875,1933.1043258318718,1862.0494342521497,1919.42041015625,39119,56.97790777303022
2021-09-30,1933.6144973365604,1952.3131869811339,1903.866581992921,1941.5615234375,19879,68.82179589622538
2021-10-01,1941.5613336376662,1941.5613336376662,1904.036342448071,1912.0682373046875,6934,58.64435880951189
2021-10-04,1940.3714957145676,1940.3714957145676,1908.1162973560286,1914.575927734375,5816,60.21221173086682
2021-10-05,1903.0166709848954,1930.2147654339874,1899.2344774765672,1926.135009765625,7088,60.410740980830546
2021-10-06,1943.8139481076466,1943.8139481076466,1902.2094016069564,1909.391357421875,6603,59.073035661057446
2021-10-07,1919.1658078503883,1927.6226750243668,1892.010248128709,1901.529541015625,6791,54.967727403441906
2021-10-08,1910.6661296201817,1925.1151172552097,1899.6169037816308,1903.0592041015625,4668,57.54768980806488
2021-10-11,1924.1803211606189,1924.1803211606189,1891.1177168876018,1893.625,6762,51.890843800264065
2021-10-12,1899.617293413056,1912.3664027648213,1884.7433325026627,1898.5123291015625,31377,56.74076838996539
2021-10-13,1913.2159757686352,1921.7153803700062,1895.367226105756,1908.1163330078125,7654,59.314423630330076
2021-10-14,1910.6659526502474,1917.2529905208166,1879.2181589455947,1887.844970703125,16475,52.69901422142847
2021-10-18,1911.5160896023629,1914.915851433581,1865.619304880919,1885.04052734375,58935,49.79222683940357
2021-10-19,1895.3671986777892,1895.3671986777892,1872.5887531747437,1874.9686279296875,6264,52.51517160915584
2021-10-20,1874.118861882739,1885.2954968098766,1856.8224891576897,1868.0418701171875,6724,33.515221159773816
2021-10-21,1869.954006993376,1876.4134297029357,1840.121015154466,1848.577880859375,7991,19.64476998119042
2021-10-22,1851.6380955943212,1867.4468659094814,1825.672369324754,1836.93408203125,6317,22.236225672263345
2021-10-25,1818.95775244877,1844.0309972731611,1780.6253527830374,1791.4195556640625,15976,15.46692187471119
2021-10-26,1835.0215736061327,1835.0215736061327,1772.1259754371406,1779.435546875,13201,8.963223493255938
2021-10-27,1801.7887892319156,1828.1369448238074,1794.224401757536,1801.02392578125,9074,20.485950883613555
2021-10-28,1823.9720992470964,1823.9720992470964,1802.7235892372282,1810.4581298828125,4590,25.4071843773054
2021-10-29,1827.3718037959459,1827.3718037959459,1780.625083233724,1785.6396484375,11935,21.834726027918705
2021-11-01,1812.072943951081,1812.9228843563114,1760.2265792320304,1766.55859375,10598,20.86892179009844
2021-11-02,1767.8761795879777,1806.123500780987,1767.8761795879777,1797.9639892578125,5086,29.44740760850037
2021-11-03,1801.5760651838605,1806.9732696639164,1772.1257136638128,1776.0355224609375,10836,24.29702027626037
2021-11-04,1793.3319486981156,1954.8631851266475,1784.8750820721564,1806.8035888671875,4856,34.848309875548594
2021-11-08,1851.1701982514026,1851.1701982514026,1779.0952105558613,1787.042236328125,16461,32.77046313600826
2021-11-09,1796.0094122375535,1810.3733241548998,1780.6254056828711,1795.6693115234375,6902,35.98682422375522
2021-11-10,1797.6667751763177,1818.8727500840046,1786.9574414027895,1809.39599609375,5557,39.87976044775962
2021-11-11,1804.8483576474905,1810.3729699972473,1777.3103729368447,1807.0157470703125,5393,42.3784442021897
2021-11-12,1827.2867733597868,1827.2867733597868,1776.375426669202,1798.473876953125,20020,42.866109298199376
2021-11-15,1776.3756520055701,1817.4703583446392,1776.3756520055701,1792.14208984375,2780,50.156815555340074
2021-11-16,1794.2244933730947,1803.6589164397346,1790.3997609144594,1795.8818359375,3550,53.70190447719199
2021-11-17,1812.9231516860318,1876.6686914780862,1798.4741626664993,1858.73486328125,41407,60.95510512792944
2021-11-18,1883.1705660347984,1888.567771155087,1848.6205680748487,1872.8438720703125,27485,61.635993384479754
2021-11-22,1869.8692504509752,1869.8692504509752,1829.5396119820255,1856.9501953125,18178,63.758681373343336
2021-11-23,1832.4716210147626,1856.2699537552141,1829.9643381734638,1845.05078125,2735,65.57595935088543
2021-11-24,1854.2302737762357,1866.8517656708298,1844.0733188192837,1859.117431640625,4030,63.03205146548113
2021-11-25,1861.3695568018363,1869.8689611707944,1845.2206885008159,1858.9471435546875,3960,69.474808782089
2021-11-26,1845.4333775474927,1866.4268671577963,1772.1260067640862,1777.2681884765625,15451,44.40150419920736
2021-11-29,1777.2679909514968,1781.815047783029,1736.4283114834027,1741.5279541015625,7252,41.865438394472775
2021-11-30,1750.197309086347,1765.3262903894308,1736.5558273028175,1749.7723388671875,7706,41.78580541874504
2021-12-01,1758.1018448389782,1783.1750884564544,1745.4801459820808,1779.7327880859375,4137,44.98270796383435
2021-12-02,1791.6744603012473,1791.6744603012473,1752.3221761475222,1768.6409912109375,4497,43.69502607300441
2021-12-03,1777.5230335023239,1791.674458916341,1733.198514771394,1750.15478515625,4332,42.31238036344653
2021-12-06,1758.6541660752193,1797.6240179775798,1750.8772941058223,1767.2386474609375,5256,46.16890982124246
2021-12-07,1774.3782247235604,1776.035774723957,1751.9824167625177,1761.501708984375,3466,44.743339258637675
2021-12-08,1770.298482764843,1780.7951224249318,1755.1269633004215,1763.4564208984375,5664,32.09836391934594
2021-12-09,1772.295796912379,1779.8603914719067,1765.4114037234763,1772.7633056640625,2054,30.85054898238323
2021-12-10,1776.3756756183318,1799.2815309871453,1741.528114517685,1750.6224365234375,15984,30.13023156079413
2021-12-13,1761.8841866390487,1772.1685500918582,1742.3780929048485,1744.8853759765625,9610,30.840536232892475
2021-12-14,1753.6396160011184,1758.0592647961123,1726.2290367615517,1733.666015625,104861,25.739616195590486
2021-12-15,1732.1785083511934,1772.975646918837,1732.1359698308568,1745.650146484375,11693,29.04746489245032
2021-12-16,1750.8773220455578,1755.4245864421873,1731.3286917508742,1733.5810546875,3093,39.11934442138572
2021-12-17,1742.2505367971069,1742.2505367971069,1682.9246511246326,1692.146484375,7421,38.040350251679094
2021-12-20,1692.1464604409414,1699.7959244809304,1665.2458244831478,1670.89794921875,9649,32.02944090209486
2021-12-21,1695.4613840905522,1696.5662445106789,1668.4332341604609,1681.5223388671875,3923,25.461915247930605
2021-12-22,1681.5223283624543,1707.4455139579682,1681.5223283624543,1702.3883056640625,2729,34.21747778346439
2021-12-23,1710.9302246971995,1728.6090285795724,1701.1559089574987,1717.644775390625,4286,42.13452948702349
2021-12-24,1723.59426962541,1723.6367043966663,1674.085238116478,1677.867431640625,5325,30.51694966222024
2021-12-27,1686.2819364825853,1695.6738204221606,1676.4226475238122,1691.466552734375,1840,35.238260397037195
2021-12-28,1698.0961700712799,1715.1799536159629,1691.3816192744134,1703.11083984375,34678,37.779747670283506
2021-12-29,1708.380190680027,1720.279356187251,1693.71871889434,1695.8861083984375,3984,34.29962096395418
2021-12-30,1691.3816111798053,1733.0286960782025,1684.582087114761,1721.0445556640625,7113,44.0329522137737
2021-12-31,1721.0445272849279,1772.1259302307676,1697.3311667486057,1738.5107421875,15165,48.77209054283281
2022-01-03,1750.8773346755836,1750.8773346755836,1723.0843233397418,1731.668701171875,3922,49.60866944742078
2022-01-04,1720.6195443608126,1739.9131519340833,1701.198424963864,1716.7098388671875,7410,44.39510735348563
2022-01-05,1742.3778469279662,1742.3778469279662,1708.3802304025423,1717.51708984375,4218,46.746976276924784
2022-01-06,1724.529267456067,1731.923708274863,1705.87311505827,1708.6778564453125,4898,53.85683145454307
2022-01-07,1693.9312371932233,1716.6246046400738,1693.9312371932233,1699.6683349609375,8920,57.118779936317075
2022-01-10,1707.5303359926663,1722.1492699914563,1682.882063347675,1687.25927734375,13370,51.40708822527304
2022-01-11,1695.7160370380814,1703.1530153878634,1678.6322560936512,1682.8819580078125,8026,44.79469475560512
2022-01-12,1691.296521685936,1701.5807803772775,1672.7677783806296,1678.6749267578125,10073,38.94914003366064
2022-01-13,1689.6816284492509,1698.0110864285207,1679.269857851412,1682.712158203125,9733,51.72311689304066
2022-01-14,1690.9564748042187,1696.9910310686032,1679.822275992046,1682.6695556640625,9581,46.53726434994364
2022-01-17,1695.5463344839752,1695.6313077839902,1678.6324976808926,1680.58740234375,13509,40.41243091683416
2022-01-18,1682.8820015378685,1694.1862504229323,1672.5977433900798,1678.80224609375,10950,42.37478001710827
2022-01-19,1665.9257792040805,1686.2392724532544,1665.9257792040805,1677.7398681640625,4034,25.37436310374987
2022-01-20,1686.1543154171536,1687.9391695845932,1675.742545062513,1682.4996337890625,5824,12.768277780392367
2022-01-21,1687.1319012969575,1692.231544323548,1671.960484043352,1674.6378173828125,7787,12.59748972465107
2022-01-24,1674.6376773835323,1682.7545462707853,1648.884440751214,1653.2191162109375,11771,11.613468896131494
2022-01-25,1636.1353034816627,1673.4051700338505,1624.7886196599638,1664.268310546875,7952,21.353500382203762
2022-01-27,1648.8844118400045,1657.383816024747,1639.535067236788,1646.9720458984375,5591,19.572529597160795
2022-01-28,1655.2164868855793,1673.320259961013,1640.385067542733,1643.997314453125,7358,20.811119061669174
2022-01-31,1652.2418203013474,1655.8116327108116,1636.9854295796313,1641.065185546875,8039,23.107470060348334
2022-02-01,1649.3095466633574,1657.5114932707513,1629.33594483569,1638.770263671875,7314,23.681653782903126
2022-02-02,1656.533981557146,1659.253749569221,1640.385112573264,1649.52197265625,6051,33.86643283608305
2022-02-03,1656.5340717808408,1656.5340717808408,1616.2468704236637,1625.42626953125,7703,24.057002220119045
2022-02-04,1655.683943979,1657.3838248249745,1606.3873994457444,1616.9691162109375,14564,22.353367824546837
2022-02-07,1627.635928193367,1652.879117536935,1627.635928193367,1636.560302734375,9525,33.85284315674296
2022-02-08,1653.0492066378163,1653.0492066378163,1610.6371573121835,1614.6318359375,8752,29.49488078038064
2022-02-09,1619.1791935630108,1644.6348700768951,1610.7647618493263,1613.8670654296875,4831,29.551085745014447
2022-02-10,1624.2361420822701,1631.8430673377545,1600.097813411763,1602.775146484375,5903,25.47069680027583
2022-02-11,1602.7753405758253,1643.1475154014129,1560.7458232320844,1606.77001953125,52703,28.60972627584175
2022-02-14,1593.6383415670957,1631.5456648346724,1580.889234834559,1625.5111083984375,78351,41.11718472392456
2022-02-15,1625.170946753059,1644.5920632900763,1603.1150358421935,1638.4725341796875,90359,41.83038575823673
2022-02-16,1646.249674779045,1675.232623310581,1636.1353626955192,1654.2391357421875,9449,52.324030755969744
2022-02-17,1653.1342071046304,1669.877992791272,1644.7197757369916,1651.434326171875,4716,52.38095982491792
2022-02-18,1655.6838997828497,1658.531179373354,1644.9321329685667,1647.949462890625,3594,52.19622907203519
2022-02-21,1653.1343310274658,1669.2832010991995,1633.585698835367,1638.8978271484375,19223,50.03901352892117
2022-02-22,1636.076627056752,1675.1341592676558,1618.7177238519057,1664.5018310546875,18405,54.199838598061945
2022-02-23,1666.4549853167282,1688.4140439096373,1644.7563526954166,1651.5697021484375,14075,57.81918470796212
2022-02-24,1644.7563483884635,1644.7563483884635,1589.2078490233648,1606.5233154296875,15865,47.43679144231253
2022-02-25,1614.5952783566645,1648.2281594405622,1614.5952783566645,1623.5784912109375,4403,46.77435498929001
2022-02-28,1630.8691041335956,1644.7562279580434,1623.0575969823437,1637.031494140625,6890,55.810465918950236
2022-03-02,1629.9145969297986,1630.001370274885,1590.0758841020177,1600.53466796875,8976,47.0824315465712
2022-03-03,1608.5630302976128,1631.7371269005814,1594.7192395071547,1609.2139892578125,4425,51.4240681474938
2022-03-04,1609.1705423450899,1609.1705423450899,1584.000129331062,1594.198486328125,4563,47.348815609000624
2022-03-07,1590.075615834619,1626.4425411204681,1570.9808213213212,1585.4754638671875,10749,41.184477334646466
2022-03-08,1588.3398424340194,1610.9064194303498,1570.1129917831372,1583.4793701171875,6779,37.276543633865955
2022-03-09,1583.4794158014047,1627.223879815643,1582.7416834914645,1619.4991455078125,7069,42.65112209895046
2022-03-10,1648.1414175384948,1675.785455263425,1629.133393515188,1664.849365234375,15899,52.40492223874679
2022-03-11,1641.284737199751,1712.7166853818744,1641.284737199751,1694.359619140625,14511,57.60988529287666
2022-03-14,1702.8652642737427,1708.2899224793987,1665.5436158188295,1680.1685791015625,7408,56.65501103099229
2022-03-15,1673.3985235307887,1687.2856482073928,1657.7755082696092,1673.268310546875,6019,51.50436026720908
2022-03-16,1679.7778882889997,1713.497541464425,1665.5870040511204,1705.6427001953125,7763,58.69868657424536
2022-03-17,1697.8313832047365,1704.6447332754642,1666.4551363996393,1684.6385498046875,22015,63.61988615757113
2022-03-21,1683.813913885884,1708.1163827460925,1660.3793903421115,1701.52001953125,8939,63.59783609174419
2022-03-22,1679.5609559404602,1705.46910237343,1670.751289813241,1689.8895263671875,4662,59.2807366411772
2022-03-23,1689.8895263671875,1696.225569539564,1670.7947294590836,1689.8895263671875,3903,67.99506558164529
2022-03-24,1689.889505608758,1689.889505608758,1662.7227752339816,1675.2646484375,8452,62.99076675455432
2022-03-25,1667.3664195882623,1697.6142931670424,1649.399887676147,1688.06689453125,7417,68.62407069769606
2022-03-28,1687.285565156175,1688.1535104057407,1649.9639194248398,1657.9056396484375,10057,63.243937477065494
2022-03-29,1662.1586541637396,1674.049462143347,1640.5033558142795,1647.53369140625,8823,61.364306755912125
2022-03-30,1655.7792684528156,1699.9143733713322,1636.0769517849385,1690.019775390625,13711,62.23090443547994
2022-03-31,1687.2855848495303,1692.3630434286836,1641.4146990646527,1656.5169677734375,5764,48.492917314130004
2022-04-01,1655.866039991176,1674.2229978189407,1652.6545788996523,1668.79833984375,14469,45.069433586943624
2022-04-04,1668.7984186599672,1676.0024071714004,1649.5735146481927,1668.1041259765625,5595,47.54503696652892
2022-04-05,1666.4549640401633,1678.3892118295134,1655.5188745287203,1665.5435791015625,10893,48.399854148302445
2022-04-06,1657.8623541079153,1677.087364362879,1657.8623541079153,1667.2362060546875,4603,40.88572113886047
2022-04-07,1670.7947204075272,1671.6626657168297,1637.8127986540278,1642.846923828125,11104,40.239214887979216
2022-04-08,1653.1753183768944,1666.3247104471395,1650.0074028921165,1661.941650390625,3381,40.85072928683175
2022-04-11,1662.11531529059,1671.1419679579578,1657.775588618813,1659.9888916015625,3497,42.76415760953049
2022-04-12,1666.4548999895858,1668.1907905104083,1650.0507133777435,1661.37744140625,3323,43.146242025208295
2022-04-13,1669.7097243496164,1669.7097243496164,1642.1524618424817,1645.0167236328125,5966,42.78915575349075
2022-04-18,1645.0166821486062,1653.2621620609157,1633.776727540038,1638.0731201171875,4938,37.73944146440912
2022-04-19,1641.9790013023362,1641.9790013023362,1623.0577509168527,1628.9163818359375,3927,42.0740661629242
2022-04-20,1632.648691146034,1644.0187543762763,1618.7615651364893,1625.4447021484375,4319,43.723852710161616
2022-04-21,1627.3973394561701,1657.9489697954216,1627.3973394561701,1649.66015625,4931,37.20408384420088
2022-04-22,1649.964062655133,1650.9622209688516,1635.9467244677546,1639.11474609375,4079,43.54266374236425
2022-04-25,1632.6917186167277,1633.9068631047228,1618.7178218806418,1624.7066650390625,2173,33.89338030367216
2022-04-26,1632.7352216553206,1665.8906876917208,1623.9255562132125,1641.4580078125,3610,41.28821893096746
2022-04-27,1638.680665422046,1647.3166784555444,1616.7650474125617,1630.91259765625,4233,39.23944813753625
2022-04-28,1631.7371239339227,1647.1431526306392,1627.7879305357505,1634.3843994140625,3369,39.90390170482938
2022-04-29,1642.5865198422018,1642.5865198422018,1624.8370804095184,1630.391845703125,3665,45.623618869840925
2022-05-02,1630.3917751209494,1635.8164331418614,1614.2914536850944,1622.36328125,2539,34.920534519998
2022-05-04,1624.7936627254435,1624.7936627254435,1590.0758494193444,1594.11181640625,4172,29.090807650075902
2022-05-05,1602.0533614596575,1630.0011557218206,1594.4154009909396,1603.572265625,2618,32.54709123101351
2022-05-06,1575.4509021107342,1603.1383778369966,1575.4509021107342,1588.9473876953125,3449,32.89186100735846
2022-05-09,1589.2078660146442,1589.2078660146442,1572.76034473505,1584.2606201171875,2705,33.351184442494
2022-05-10,1588.2963778200126,1594.4154342510337,1570.9809123540397,1573.237548828125,5070,32.970430920480325
2022-05-11,1581.135816843106,1585.69252939782,1541.4707613660228,1549.9332275390625,3960,29.40329179740982
2022-05-12,1554.489976913853,1554.489976913853,1511.57012573822,1526.3251953125,5232,16.24698669602911
2022-05-13,1518.9478556542836,1564.4715484852627,1497.2057814907507,1531.4896240234375,4270,19.652488787462616
2022-05-16,1539.1706914181073,1539.1706914181073,1520.6400814782903,1526.7156982421875,2248,20.78158713889286
2022-05-17,1526.759119570676,1544.94253000151,1519.7286783536501,1539.2574462890625,2604,18.741688178153197
2022-05-18,1540.6028925121939,1552.059727980594,1538.8670019290817,1545.85400390625,1285,23.340638386113866
2022-05-19,1507.6209657239308,1559.6976830200942,1507.6209657239308,1535.698974609375,37041,20.313350327958062
2022-05-20,1543.3802423527916,1560.826027103586,1535.6989478753965,1549.152099609375,2335,26.877482440511756
2022-05-23,1549.1521325207568,1550.1502907961667,1537.999056713778,1541.036865234375,1660,26.86422867334622
2022-05-24,1548.76156130662,1548.76156130662,1524.979839713505,1542.3387451171875,1918,32.604239213090224
2022-05-25,1546.0709480543126,1546.6784673616885,1495.339483576532,1500.6773681640625,3643,21.5776245130112
2022-05-26,1505.8849293605003,1520.0758122597945,1475.5068472120176,1501.71875,3326,23.950228972681487
2022-05-27,1515.8665865973787,1547.5465925583317,1484.4035669786242,1508.66259765625,30311,27.7238748794109
2022-05-30,1523.7213548607501,1560.5221493970882,1511.396468507239,1530.6649169921875,7438,38.21768075930088
2022-05-31,1536.2631974056706,1606.5667674564386,1529.5800609044434,1599.75341796875,12242,61.000389745436394
2022-06-01,1588.383164866861,1601.7494362642306,1578.7923279710124,1591.76806640625,2380,65.52068351363809
2022-06-02,1575.8413158053738,1601.7494593593644,1541.8179056572997,1562.3013916015625,5291,56.552155584167465
2022-06-03,1570.1130508306587,1575.3207226410423,1552.4937188253857,1558.5693359375,2550,56.80385894009517
2022-06-06,1562.3015280330883,1566.163842208362,1544.942622166054,1549.2823486328125,77192,52.17148731703757
2022-06-07,1556.9202727929564,1556.9202727929564,1531.9234065551457,1542.816162109375,16015,49.34160328568692
2022-06-08,1544.2916711600385,1553.622083111687,1536.3066168001646,1548.3709716796875,52980,52.8023025479306
2022-06-09,1544.4219940791306,1553.6221937009186,1536.2632865087296,1547.32958984375,1790,49.573558209732816
2022-06-10,1551.8862439790244,1556.1391972694857,1539.4745834283558,1549.976806640625,51927,52.14675407360334
2022-06-13,1549.2822686026748,1560.175023851701,1519.815569795665,1549.9332275390625,3882,51.834755784668204
2022-06-14,1549.9331928761274,1549.9331928761274,1531.9233293721768,1535.7423095703125,1587,59.76787142476292
2022-06-15,1543.4236531906163,1549.282283675102,1519.7721449384335,1529.14599609375,1997,57.41092078754639
2022-06-16,1536.2630842585959,1541.948167995737,1497.205548218123,1514.564453125,9183,51.53148689930604
2022-06-17,1491.8244751954498,1503.9322701656522,1464.744517336291,1476.895751953125,4672,37.09644628413908
2022-06-20,1476.8957760843464,1520.1194965934665,1475.5070847240897,1514.30419921875,4569,25.816737857584073
2022-06-21,1526.7157058083592,1526.7157058083592,1483.144896322905,1495.7301025390625,2258,24.356904222551776
2022-06-22,1497.2056548149244,1562.3015528503558,1487.7016960818933,1549.889892578125,6241,47.07209710702749
2022-06-23,1552.7107173331144,1552.7107173331144,1525.3704401140933,1540.6463623046875,4179,45.87908463895645
2022-06-24,1548.3710466694936,1559.090256377096,1536.3934645495915,1545.723876953125,52141,49.16567304549516
2022-06-27,1562.301659645473,1564.3413100666044,1544.942752316079,1551.7127685546875,61047,52.09059663225798
2022-06-28,1551.7126339483325,1553.6220712087832,1533.8328761897815,1542.5123291015625,621,48.646479391200565
2022-06-29,1544.9427114876107,1564.905454388855,1538.259574722555,1562.2581787109375,44564,53.17458216066275
2022-06-30,1570.0262050467431,1665.5869571678677,1557.9617447192927,1636.20703125,13272,64.07020462405916
2022-07-01,1621.3217434706721,1639.9391268921631,1601.185455846251,1629.3936767578125,39281,62.685328095037654
2022-07-04,1636.0768658241634,1637.5089967376343,1620.670836981522,1626.2257080078125,19452,64.97200475070898
2022-07-05,1619.2387672373402,1635.208982309843,1617.6765292320986,1625.488037109375,2969,66.25660267295481
2022-07-06,1633.6465125654204,1667.1492840863505,1580.6150788053392,1606.1326904296875,13975,65.20610103331276
2022-07-07,1623.0576862083042,1647.3601542370916,1623.0142465638262,1638.854248046875,3433,77.34461497622017
2022-07-08,1644.886607309088,1651.6999569345373,1634.6882497189772,1645.884765625,3826,74.75502376960705
2022-07-11,1648.2281365450879,1648.2281365450879,1627.3974491953868,1637.509033203125,1435,77.7381120125334
2022-07-12,1637.465360253116,1644.5825743204225,1629.2198810186676,1632.21435546875,1698,69.91381336583787
2022-07-13,1640.4166079606337,1675.1344197693243,1640.4166079606337,1662.635986328125,5126,76.76619743056675
2022-07-14,1683.7704161689626,1683.7704161689626,1649.096044353358,1665.9342041015625,3172,76.58335929321457
2022-07-15,1670.7514013636012,1675.1345678721163,1656.0397696891182,1666.5853271484375,2327,76.01717454893308
2022-07-18,1674.9609149925427,1692.276381685163,1656.6906236910143,1684.0743408203125,7099,80.90178481019404
2022-07-19,1683.8139150246075,1687.2856962926994,1653.5226022704337,1668.1041259765625,10470,73.4925167708864
2022-07-20,1679.4740803641478,1686.3308691174614,1666.5416747826434,1671.0550537109375,2601,61.29390866759769
2022-07-21,1677.4779502162003,1677.7383762036188,1664.7191958399073,1675.2213134765625,2946,65.1115798286855
2022-07-22,1677.7381851031791,1683.5100422637279,1664.7624458654745,1670.57763671875,2578,64.48400596691727
2022-07-25,1678.953373632337,1695.0971346772883,1663.54734488655,1687.2421875,32804,68.26684345305412
2022-07-26,1687.1989139660948,1692.493359181669,1673.39856230885,1686.461181640625,2861,76.69445974681983
2022-07-27,1692.493242608124,1735.8905052391017,1679.4740638188307,1715.5372314453125,6652,76.11576315564102
2022-07-28,1744.5633907434546,1759.1867679639515,1709.794080580866,1752.824951171875,9829,80.19701302389967
2022-07-29,1753.9294825850538,1761.6166870472211,1714.1678570352667,1718.5858154296875,4469,69.97612541106821
2022-08-01,1723.2245286270638,1747.6999729553022,1709.7497566431834,1720.1319580078125,7422,72.06925904975643
2022-08-02,1728.7469446751822,1752.162121794473,1714.1676834499635,1723.6220703125,40260,67.70235545735048
2022-08-03,1723.6221151220966,1753.9293505707917,1709.7939926766207,1722.4735107421875,11960,66.61899280658143
2022-08-04,1736.257563553457,1738.289867458991,1676.173332346518,1683.2420654296875,11623,53.99088412947063
2022-08-05,1744.209706010804,1745.004959971622,1665.6142813992683,1684.8323974609375,46177,50.19660559334998
2022-08-08,1700.9137484057674,1713.284030212355,1687.6598750415667,1702.2391357421875,4730,58.787597292894354
2022-08-10,1705.3317280441115,1727.3772945449143,1692.8288857716245,1711.0750732421875,6985,59.99962178563542
2022-08-11,1740.8521344866624,1749.5555980714553,1709.7497531801678,1715.007080078125,11239,59.95274108429224
2022-08-12,1723.6221530646983,1727.4216402256857,1684.1698729917791,1694.3311767578125,6129,55.50090772935361
2022-08-16,1702.8136330681273,1748.627837558423,1694.3311749835132,1717.1719970703125,11763,56.73846187671598
2022-08-17,1736.0807978493713,1736.0807978493713,1708.6010131331307,1714.079345703125,11088,56.15395662789028
2022-08-18,1722.6502327557291,1742.4427069831775,1714.2119973442818,1718.4090576171875,6831,50.71922519581048
2022-08-19,1723.0036911783764,1735.9041074992401,1665.5702348057637,1677.145263671875,12620,31.416740903624643
2022-08-22,1678.8682727244457,1692.9172929598876,1670.8717255526924,1676.5267333984375,3271,37.629877170483574
2022-08-23,1677.0569327474332,1707.0990485079244,1677.0569327474332,1704.1390380859375,4638,45.92160608045345
2022-08-24,1704.1390767858418,1707.4966603779608,1692.2105893747585,1703.1229248046875,5714,44.70565832392244
2022-08-25,1708.9102199948054,1717.7019124623137,1702.680856643456,1707.71728515625,14663,46.255537720308496
2022-08-26,1716.2882905331867,1723.0035649064032,1704.9782752707072,1713.2840576171875,6327,59.19412780862777
2022-08-29,1682.093321787531,1718.2764632983515,1682.093321787531,1714.432861328125,4887,59.083549914254185
2022-08-30,1714.4328299407891,1726.405431441736,1712.0029530332538,1714.7420654296875,6239,54.286613498329274
2022-09-01,1714.74214375441,1734.5346181319155,1714.74214375441,1727.1124267578125,4116,55.368283414375036
2022-09-02,1734.4902998971963,1734.4902998971963,1713.284101630496,1714.4769287109375,20015,49.83230999830881
2022-09-05,1723.0035209802331,1731.8394364724393,1715.934788586468,1718.4530029296875,14661,58.53114983974359
2022-09-06,1727.0681613350775,1733.6067609044337,1712.7097974896662,1715.8023681640625,3633,49.434900770186935
2022-09-07,1699.6327204408497,1794.4862602047579,1699.6327204408497,1786.533935546875,40660,69.1857743896605
2022-09-08,1789.272913971839,1825.941963813731,1776.0190405350106,1781.2763671875,22449,66.56568743184867
2022-09-09,1787.7710134228262,1799.9645133731992,1774.8263742880786,1784.28076171875,11030,85.36007361662627
2022-09-12,1784.2808771097316,1798.1533315103757,1758.3474822971607,1764.223388671875,19054,75.65264338872515
2022-09-13,1767.271583531173,1871.4470574514523,1767.271583531173,1808.9771728515625,173533,77.87173279504637
2022-09-14,1812.5115078851463,1886.4238595755446,1812.5115078851463,1870.2100830078125,33589,83.64767505774375
2022-09-15,1890.797779871288,1915.6267927631577,1869.6800246710525,1888.67724609375,49618,84.51298918995433
2022-09-16,1890.886092513555,1926.1855350684589,1842.2885527526926,1884.2591552734375,29649,82.75216511662494
2022-09-19,1890.886275007661,1908.558109353527,1861.4184049476758,1892.9185791015625,12951,83.23458721881451
2022-09-20,1899.721993325509,1907.6743179487319,1866.3664094892122,1888.014404296875,11807,81.72103132621879
2022-09-21,1892.6532538189151,1975.8875414449806,1888.5004163407455,1956.2718505859375,41875,84.82601407381517
2022-09-22,1945.668815034843,1975.7109311616298,1943.9016317332673,1948.7171630859375,11380,86.15652118860595
2022-09-23,1943.9014367579928,1946.7288866127942,1897.954675525531,1905.59765625,9934,75.7726210124942
2022-09-26,1877.6765666838976,1908.2047027615067,1867.4268167768794,1903.2122802734375,14444,75.82802112724868
2022-09-27,1912.7549855194407,1956.050975490778,1903.8306237473073,1922.342041015625,69629,71.81995195664487
2022-09-28,1935.065710644924,1948.231139922252,1918.1007941340781,1933.7845458984375,7705,74.02561738686961
2022-09-29,1941.9579099207815,1952.4725650169319,1927.1135259986734,1935.154296875,9495,73.89114836235424
2022-09-30,1927.1574533821872,1970.630115854038,1855.6307583227945,1948.8936767578125,40572,79.84001628477527
2022-10-03,1974.8274723833251,1996.9172651392907,1935.0658454225872,1953.709716796875,18783,76.85242601733106
2022-10-04,1963.6936969299086,1987.2415402403929,1923.5787284313787,1937.583740234375,17741,65.0126727439986
2022-10-06,1935.0656118636227,1965.9913179892972,1934.844713962725,1952.4281005859375,13629,64.43852677245857
2022-10-07,1952.8260549097024,1987.1976849145499,1950.0868344181467,1965.417236328125,12726,67.69402570775091
2022-10-10,1932.4148325395295,1973.0600462097711,1932.4148325395295,1954.239501953125,10112,63.22393349770423
2022-10-11,1959.1876849112912,1980.968131419496,1916.5543904922836,1964.9310302734375,12314,66.18321704687706
2022-10-12,1961.5734013469307,1971.4695843717661,1913.4176579354857,1919.867919921875,8649,41.51221136577744
2022-10-13,1929.49898678608,1935.0214344378012,1859.9603690997278,1867.25,11306,34.30378240416046
2022-10-14,1876.6161026878199,1895.8342199544304,1793.160811496633,1807.916748046875,17288,32.286587336513264
2022-10-17,1808.712021454814,1935.949212998289,1802.5268801992286,1906.03955078125,18342,50.3805585688198
2022-10-18,1925.3462232315517,1925.3462232315517,1886.8215406455088,1905.112060546875,5303,47.56129587817745
2022-10-19,1914.654621808317,1981.8960313168993,1877.632218701922,1888.279541015625,39923,43.65608840364199
2022-10-20,1895.3039846023073,1917.3495519084554,1889.118843393815,1901.091552734375,3636,45.39808641983453
2022-10-21,1915.6266553230237,1917.393838584392,1865.2619323740328,1889.5164794921875,7231,41.930888226367365
2022-10-24,1890.8860141488676,1904.095665355927,1877.455465042959,1882.27099609375,1663,40.35546095288822
2022-10-25,1891.6813705280083,1917.3939750998568,1884.7453051656692,1891.0186767578125,3473,43.58572781939867
2022-10-27,1899.7221246948602,1909.794983625922,1856.9563733853288,1874.583984375,2859,39.32385777487886
2022-10-28,1874.583614455738,1890.620714101989,1859.2532154422531,1882.7568359375,3637,38.51154318847032
2022-10-31,1892.2116421688315,1899.7221716847948,1869.3707102349733,1884.0826416015625,3002,39.97479066940786
2022-11-01,1893.5368212202104,1908.2927579708053,1876.7928033460757,1895.52490234375,4032,40.103301980227315
2022-11-02,1910.4136058032482,1915.8918309265464,1882.2711252702604,1898.3082275390625,2884,46.50428530203354
2022-11-03,1911.3854982427868,1913.7711526586395,1895.3041726492818,1901.0032958984375,2454,56.52993895311079
2022-11-04,1910.5460313723959,1923.5790081154842,1821.0381547316724,1860.1370849609375,14967,60.87999499476841
2022-11-07,1890.8860924404323,1904.2284123715986,1850.2851000950047,1861.1533203125,18749,34.29197075302919
2022-11-09,1927.9527770858142,1960.6898911937637,1853.3777273593016,1935.6842041015625,22384,57.06119019626087
2022-11-10,1943.9014426894798,1979.2008825614716,1943.2387490158358,1970.8067626953125,38913,67.5761749591964
2022-11-11,1988.0813422279168,2010.171134919338,1916.5988593667303,2006.857666015625,39639,70.49659114027659
2022-11-14,2012.3797809352488,2080.327885713496,2002.7044964827749,2069.813232421875,36069,79.13750104063138
2022-11-15,2069.813426507973,2110.7237627779527,2010.7894615321602,2032.0841064453125,26104,72.0395612305113
2022-11-16,2041.096679918692,2063.00979564376,2021.6576639194664,2034.73486328125,17856,71.52882187181706
2022-11-17,2023.4692932108157,2071.0948013762163,2021.7021097431475,2062.170654296875,29846,77.20403085097946
2022-11-18,2062.3024883574253,2120.619525303265,2048.5625978722833,2067.559814453125,54051,77.01848078891723
2022-11-21,2108.249832654539,2118.852933237881,2066.411678647848,2077.98681640625,25258,77.61421529819702
2022-11-22,2080.858489480905,2120.531671208657,2054.3507380225496,2077.98681640625,22848,76.86008005940123
2022-11-23,2077.9865201964885,2094.067843978094,2063.1421383516977,2076.6611328125,14712,76.368357545029
2022-11-24,2093.228359448977,2116.1575167808824,2052.58314858589,2062.656005859375,12093,73.12595065915279
2022-11-25,2067.6043051187094,2072.8616318957243,2023.8665217411983,2041.0965576171875,6368,77.4016408230141
2022-11-28,2012.8216713957702,2056.117659937646,2012.8216713957702,2032.1722412109375,6113,75.2907013478029
2022-11-29,2056.1177566461533,2073.392016439366,2030.493598956966,2036.1044921875,8243,68.76960769326598
2022-11-30,2045.5588807275356,2094.112198472036,2005.8414794322841,2018.7860107421875,65586,59.607239442072924
2022-12-01,2018.9626557752858,2064.6885227172666,2018.9626557752858,2030.31689453125,17120,55.20891156521588
2022-12-02,2055.234222654625,2056.117814323866,2014.5890058695377,2029.2567138671875,11563,37.58130821279297
2022-12-05,2059.6962208235095,2063.1863644629557,2021.7017824201232,2034.4254150390625,20389,50.89549005436437
2022-12-06,2038.4459195933678,2101.180926221512,2023.424861668319,2033.321044921875,22035,49.452777877522784
2022-12-07,2053.466836585751,2053.466836585751,1991.7478782942771,2009.949951171875,12935,29.131201729635222
2022-12-08,2019.006427984998,2035.7062198100832,1988.964319209729,1997.1817626953125,11046,23.441388237570308
2022-12-09,2007.2109191684897,2023.4249125067377,1970.4094126157313,1989.0972900390625,8348,15.85196231529288
2022-12-12,1989.8040106787932,2049.7557855266746,1989.8040106787932,2028.6378173828125,17767,35.45939195658539
2022-12-13,2049.932923003976,2053.157946702339,2023.7785201118727,2041.84814453125,9637,40.4137842943482
2022-12-14,2033.9398279828965,2052.495255325394,2015.5170688395208,2030.8914794921875,5488,41.1038640918362
2022-12-15,2041.0527326583465,2041.0527326583465,1993.3830005889236,2019.75830078125,7347,43.6532435798287
2022-12-16,2019.7579996957172,2029.2566096522455,1979.3776899086843,2011.6287841796875,14752,43.860618096971095
2022-12-19,2011.628400842977,2041.0962621716485,1992.1011591090883,2011.937744140625,27078,42.61793465939599
2022-12-20,2017.239815368913,2035.3534448980688,1979.6871687840778,2007.8736572265625,12301,46.37297416605265
2022-12-21,2016.3560140953646,2031.597969066068,1907.2766751447996,1947.08251953125,38884,29.15924962344242
2022-12-22,1986.0045823323185,1996.9170249293563,1929.8525084777148,1943.724853515625,32682,28.827583122669893
2022-12-23,1926.229701154406,1952.0305329064813,1912.975827063894,1935.5516357421875,27436,25.883668610723717
2022-12-26,1912.9759462380823,1951.19128557979,1908.6022106598607,1933.872802734375,7273,25.8113362612618
2022-12-27,1943.548072419973,1961.5732538700001,1931.7078161399324,1939.39501953125,15361,31.20730084783787
2022-12-28,1958.790259155513,1982.4263360773614,1933.2543307309384,1944.8294677734375,4400,35.488754266719724
2022-12-29,1946.4199674741292,1970.4093946680507,1938.6885404771133,1964.621826171875,4814,43.62927173974518
2022-12-30,1974.385432541545,1981.4099426257546,1948.7612761111557,1961.17578125,6015,28.377366404239325
2023-01-02,1986.313965598066,1987.1975572197734,1951.4120965406266,1962.6336669921875,3384,22.541921779861468
2023-01-03,1961.5733934594343,1988.0811420196972,1961.5733934594343,1980.0845947265625,6049,33.147564189150884
2023-01-04,1980.1286014288107,1987.285779047511,1945.2267362987627,1953.4884033203125,3192,30.063626528509275
2023-01-05,1953.6212455428297,1977.4782214042755,1953.6212455428297,1969.216552734375,3538,37.79870163163451
2023-01-06,1964.666078421803,1979.0686657882234,1926.6716366083838,1953.6654052734375,7852,34.58765080060002
2023-01-09,1957.1994124001192,1966.8304735464317,1908.646102193017,1917.084228515625,6491,29.511451870519025
2023-01-10,1911.208649601803,1924.3740782830778,1878.5157600801817,1901.356689453125,6118,37.04634579872325
2023-01-11,1899.7218956039412,1921.811685087708,1873.214148223421,1878.2947998046875,40065,33.32584659740296
2023-01-12,1869.6797209873025,1917.4378874392492,1869.6797209873025,1908.955322265625,7753,43.91915614989202
2023-01-13,1932.4150530055729,1973.0602713129604,1932.37083027633,1966.168212890625,12267,55.88852218489893
2023-01-16,1978.7148010765027,1984.502368786236,1935.1539108919308,1971.4251708984375,39587,55.84581143492413
2023-01-17,1951.7215357045332,2007.9620588987511,1945.8012989719869,1993.11767578125,15122,58.31935127159297
2023-01-18,1984.1051694106259,2025.192183606838,1984.1051694106259,2016.84228515625,12302,58.876548763645054
2023-01-19,2017.2396566488871,2064.556030766968,1999.3027037237875,2047.237548828125,19844,63.40118277149913
2023-01-20,2032.260884093565,2052.9810660503067,1988.0812996567486,1996.1220703125,4772,54.516241295102404
2023-01-23,1996.121626487448,2005.31089171888,1983.1326589745374,1984.8558349609375,3220,50.654364449825586
2023-01-24,1984.856186526181,1993.073416283345,1966.8750101852522,1977.65478515625,7996,53.50059430408777
2023-01-25,1980.3057063631206,1996.917273731206,1953.311936355061,1985.25390625,8015,52.37910183101999
2023-01-27,1995.1941301090687,1995.1941301090687,1949.6007155564398,1980.6148681640625,6739,54.13165140293118
2023-01-30,1996.2984669006948,1996.2984669006948,1950.6168261125276,1981.18896484375,3726,61.04769510275076
2023-01-31,1983.6631524799593,1992.6315209790982,1966.388893464576,1983.57470703125,4078,64.85230388996158
2023-02-01,1989.848359791521,2005.7087864778857,1945.978121451148,1971.337158203125,3575,67.49172577157668
2023-02-02,1951.6331827474098,1998.684441143018,1937.4957154360534,1956.18359375,4543,59.428528259216655
2023-02-03,1944.8292195884312,1974.782886773065,1942.9735910496622,1953.00244140625,5940,46.648606791904996
2023-02-06,1953.0027922918564,1972.1766891814386,1931.5756934062606,1946.3758544921875,5614,43.66776275186508
2023-02-07,1956.139517048503,1997.3589824213714,1951.058864914496,1971.9114990234375,6431,44.74144793996834
2023-02-08,1964.8424050850163,1988.1251277499366,1959.4966332851518,1970.0997314453125,8359,36.99589413734433
2023-02-09,1974.8271778916567,2023.4247147077824,1902.5493436282804,1963.2962646484375,25978,23.118228707738183
2023-02-10,2044.6308288665255,2089.69399752348,2026.8265455775536,2045.779541015625,92574,63.242112883841386
2023-02-13,2062.5679969392427,2074.6731591958796,1979.2452626059496,2001.9093017578125,25608,53.87398659403531
2023-02-14,1996.033514424763,2016.0910015052714,1915.1848793783417,1928.39453125,22573,41.40057622148726
2023-02-15,1928.3944666101884,1963.3405579390485,1890.8860458998938,1925.5670166015625,12474,39.40385683098052
2023-02-16,1944.7409603660249,1944.7409603660249,1913.8594759549194,1928.12939453125,8522,40.61310293906391
2023-02-17,1935.065663378537,1942.9295425716023,1920.17705817343,1924.285888671875,9444,39.94066470378533
2023-02-20,1933.2983778125708,1970.276771738588,1917.393729366215,1948.76123046875,9819,44.291501865522264
2023-02-21,1948.4040855231399,1961.720460597692,1930.4401799047903,1942.3714599609375,5048,45.15751687207022
2023-02-22,1942.3711281561925,1957.5644047545024,1930.4398501382009,1940.04736328125,3909,47.181439651746125
2023-02-23,1949.789055299718,1960.9160718437463,1934.819207643967,1951.129638671875,13008,49.6816592396839
2023-02-24,1944.739679372942,1975.1262368631442,1933.1212897443354,1961.18408203125,3072,52.488121281683256
2023-02-27,1969.763643554785,1969.763643554785,1906.3093701008877,1917.6148681640625,8231,41.39820088540139
2023-02-28,1917.9727385508104,1929.5463984133953,1897.551097218707,1921.905029296875,14727,42.42437150706674
2023-03-01,1908.9908630638658,1936.9196853816306,1899.4728076955412,1917.1683349609375,8528,42.70182388736999
2023-03-02,1917.168208602231,1932.18278612945,1912.5656262651848,1923.468994140625,3767,24.501750324973102
2023-03-03,1938.9304459330533,1961.0500719007155,1923.781897242467,1952.649169921875,4113,39.06064560622022
2023-03-06,1957.2516887643903,2001.535669014256,1947.018612843193,1999.033203125,17856,67.83622306251704
2023-03-08,2008.1938625686307,2046.7578897413741,1971.0149303053745,2022.672119140625,17899,72.18716896426501
2023-03-09,2032.816117762744,2034.8717227083737,2010.964650987455,2024.638427734375,5650,72.11120346618667
2023-03-10,2020.5272369973761,2046.623882161706,1921.5027714618636,2038.4464111328125,8993,75.01325280903384
2023-03-13,2042.1550677501405,2077.8592232171054,1997.6476620221056,2048.232421875,15449,73.29418894504539
2023-03-14,2067.1795862882223,2076.116808883502,2047.5176965786068,2051.62890625,9064,75.94973555558262
2023-03-15,2108.469640420204,2126.3888164620844,2046.6240999046647,2074.0166015625,24868,79.05035681765241
2023-03-16,2082.3729205091972,2082.3729205091972,2037.5081055172675,2049.66259765625,6856,70.20336977296232
2023-03-17,2047.1156155045194,2064.498470240707,2037.686801796022,2059.404296875,4054,70.16510616115644
2023-03-20,2071.558792711476,2100.2026355234975,2010.8751369668,2023.163818359375,11549,72.34206164927602
2023-03-21,2037.6865620756382,2048.009096851247,2001.9376750216795,2041.5743408203125,3376,73.90215227162012
2023-03-22,2022.4930940933843,2085.05364053021,2022.4930940933843,2079.37841796875,9683,78.6186711348399
2023-03-23,2091.310151951513,2129.8741813648467,2074.016538417424,2111.642333984375,14269,80.41310091638861
2023-03-24,2127.0589107076694,2127.0589107076694,2091.3100214520787,2102.39208984375,7747,75.86837787796864
2023-03-27,1988.5320095382533,2109.1397837364098,1988.5320095382533,2070.888427734375,9337,63.085904327451054
2023-03-28,2073.435909680953,2109.184804675452,2056.5446440736278,2083.445556640625,13899,61.533265256575866
2023-03-29,2091.3104345797383,2091.3104345797383,2052.0761081487485,2062.2197265625,10263,56.64615249110366
2023-03-31,2070.441777312386,2095.555462412235,1995.5925311338915,2056.052978515625,43305,53.20016418721781
2023-04-03,2047.5172920018142,2063.6042894946263,2025.621100969931,2039.920654296875,6700,48.523322781817846
2023-04-05,2039.4739977547636,2039.4739977547636,1998.8543686512303,2005.423095703125,7159,42.607919246774
2023-04-06,2010.7853948149882,2010.7853948149882,1980.1308993688642,1994.2962646484375,5297,36.76950784933014
2023-04-10,1993.0006908492,2073.4356963094815,1966.1890223624396,2043.76416015625,12412,49.09640964956702
2023-04-11,2045.7301970004419,2068.966975122771,2030.1347876301982,2039.83154296875,8908,46.947288657713266
2023-04-12,2039.474201960092,2050.645730235509,2012.6625340990915,2016.90771484375,4333,48.98196337054547
2023-04-13,2016.907550730827,2065.123819205454,2012.8858008789211,2059.001953125,12039,52.63299223161523
2023-04-17,2068.967231056692,2099.800651994686,2048.2776460236983,2060.61083984375,22441,46.816375011078414
2023-04-18,2060.6105089417338,2078.0380918906967,2045.8195810452958,2059.5380859375,17284,40.11531720800634
2023-04-19,2077.5018774328023,2096.6721740039075,2050.511512011512,2060.968017578125,12014,41.90114289860164
2023-04-20,2061.0575203421686,2099.353606789998,2059.582965878055,2063.247314453125,19894,48.31333819784029
2023-04-21,2079.781141424531,2095.242361840287,2045.730236320918,2058.689208984375,14612,44.33536861275131
2023-04-24,2077.8150364521653,2077.8150364521653,2033.2183777733055,2054.489013671875,22600,48.081625284136344
2023-04-25,2070.9329610216087,2082.2831888998285,2027.6321656841235,2044.3447265625,17004,47.15084363117871
2023-04-26,2044.3446433306153,2052.8797333138173,2037.7311868438996,2048.232421875,8925,52.15081003631328
2023-04-27,2058.5103831995016,2066.10702188585,2031.8326882998847,2048.098388671875,10537,63.431679762960414
2023-04-28,2051.137209972305,2081.4790354854053,2041.0381053197916,2077.635986328125,15138,73.50625633948879
2023-05-02,2084.1603613974326,2203.874417419535,2077.6361451007583,2153.6025390625,59021,76.95155527759206
2023-05-03,2185.865841280874,2215.4034041820923,2147.837917320861,2161.556640625,25551,79.29020084266033
2023-05-04,2180.6820031406533,2211.4706869642523,2162.7628307465616,2170.09130859375,17085,89.60231059764497
2023-05-05,2178.001060674451,2188.725727366323,2144.978068124507,2152.57470703125,11089,77.71299164432412
2023-05-08,2163.7015966146523,2223.580988177305,2162.271553717681,2188.547119140625,18739,81.48220686108532
2023-05-09,2194.0880255489337,2212.6774911557045,2163.746200158228,2179.8779296875,12073,78.5456824041493
2023-05-10,2181.2183003516234,2184.9271598839787,2122.679501303704,2160.39453125,19000,71.72420120748389
2023-05-11,2167.276570834647,2215.939706281202,2155.479480149713,2206.779052734375,10877,76.29331935569279
2023-05-12,2211.9624757991505,2225.368308985812,2194.1327612996706,2207.89599609375,9498,77.68192404797256
2023-05-15,2205.706548711819,2234.305661174857,2187.83210342242,2215.626953125,15812,79.50888054916962
2023-05-16,2218.218674948175,2234.305675814036,2187.832117757104,2209.5048828125,8667,80.69768792632149
2023-05-17,2220.5868458795985,2228.80926492994,2189.9323480231983,2213.973388671875,5410,80.73927300685445
2023-05-18,2220.8997325232604,2224.47462142873,2156.7751627813914,2166.874267578125,7184,68.76060452747768
2023-05-19,2158.339344736192,2199.4505703502145,2135.9962873372665,2175.320068359375,10303,66.53057615780219
2023-05-22,2175.319732512523,2198.511778873212,2162.2267901757355,2181.486328125,5865,56.1781500386229
2023-05-23,2192.43474936429,2277.8746876020355,2130.008378297707,2241.321533203125,71472,64.36968861577003
2023-05-24,2250.3923534702953,2274.5228513033762,2194.0878585264395,2202.31005859375,21772,55.22993516478291
2023-05-25,2210.1752999146656,2225.368579372227,2149.40218208442,2169.5556640625,12114,52.62651483225258
2023-05-26,2179.7886678740024,2245.3432852001793,2162.7632145906923,2233.50146484375,20148,56.399493136983
2023-05-29,2234.30588067752,2252.1803277229396,2175.007315326765,2206.28759765625,17033,53.571013566510764
2023-05-30,2200.0760880008334,2247.5328282377627,2198.6015335197753,2203.9638671875,9588,56.17796813184835
2023-05-31,2203.9641243938017,2203.9641243938017,2144.933717407203,2192.8818359375,33372,47.81019398689109
2023-06-01,2203.0255754014975,2231.222558960737,2185.1958582981906,2204.410888671875,8462,49.468293137163606
2023-06-02,2211.9628130182055,2231.848135276652,2184.346879721127,2192.390380859375,9924,46.500704072591176
2023-06-05,2192.479498091696,2210.2199729868044,2140.5543634876904,2151.85986328125,17804,42.13415844816581
2023-06-06,2159.1883866803646,2159.23311643497,2125.271668411572,2140.37548828125,9020,40.14601021561579
2023-06-07,2140.464908396628,2154.7197354421555,2134.20885229693,2149.0,6958,47.331940260650846
2023-06-08,2159.232804386645,2160.2604976244206,2128.3993889266535,2138.721923828125,6069,44.56678061835463
2023-06-09,2141.358814599207,2149.1788853954267,2101.1413076472186,2106.146240234375,10028,39.62855539236609
2023-06-12,2116.6911932737976,2124.5559908683417,2100.4254957767666,2108.468994140625,10504,28.27053654001888
2023-06-13,2129.516862016125,2161.3779755069418,2126.3441041353262,2145.514404296875,15332,40.65032743044866
2023-06-14,2161.42254680521,2173.889928640055,2147.7932823985566,2167.18701171875,8700,49.595308211464186
2023-06-15,2181.5758051934727,2195.875359836281,2169.9574170461906,2183.765380859375,16374,39.86142754906323
2023-06-16,2183.7655818045255,2213.481846531035,2181.3078456241374,2191.80908203125,9103,46.79836571102799
2023-06-19,2211.0238823271065,2211.9623342288896,2180.68205879535,2186.267822265625,5732,46.14177536991753
2023-06-20,2195.2051597906498,2209.7281455806137,2180.726903749589,2185.4189453125,7971,48.29688795385863
2023-06-21,2182.4699483910645,2230.641495109511,2180.6825037158874,2189.9326171875,11740,46.58660659091196
2023-06-22,2189.9768702508177,2206.913081104163,2186.4467110728187,2192.613525390625,6318,50.05503199562634
2023-06-23,2203.6061095764567,2220.81026235136,2179.431098024507,2191.675048828125,11195,62.20211685025372
2023-06-26,2203.0254171026113,2220.89986267748,2165.5785409008267,2175.54345703125,9470,60.47938867322769
2023-06-27,2175.5880772444143,2198.556695012882,2175.5880772444143,2182.871826171875,4386,60.171734486050234
2023-06-28,2186.9382927469283,2205.527758735172,2166.382681495118,2177.73291015625,6584,62.08813903981191
2023-06-30,2172.8174637175,2189.5300259472456,2169.4660053214047,2174.292236328125,5609,75.76883876542664
2023-07-03,2179.788816502824,2205.6620349541386,2171.745315334917,2184.16796875,8189,77.07817715310733
2023-07-04,2176.213809682743,2198.5121375230488,2165.5338717914624,2169.779052734375,6074,60.35870027431982
2023-07-05,2169.779003865497,2229.8370976874744,2169.779003865497,2221.883056640625,18336,68.53431373360094
2023-07-06,2224.47503119561,2240.562034233585,2211.962917721629,2214.420654296875,8374,61.07188205417607
2023-07-07,2225.3684042008194,2259.910681912156,2213.2136943139667,2248.82861328125,15659,67.29943054214047
2023-07-10,2261.1171913218063,2432.6223961449004,2257.810462783554,2397.856689453125,97531,84.3166897644031
2023-07-11,2399.8229993654195,2419.708319902751,2343.5632260233015,2412.603271484375,34487,85.25667304449959
2023-07-12,2413.228591104417,2469.309657999512,2397.007620786022,2433.203369140625,23612,85.95778617387131
2023-07-13,2462.1153352223796,2502.4222959090494,2439.861738511323,2446.7880859375,30599,86.39628534491378
2023-07-14,2446.117508760426,2468.4158326202146,2433.2032674150637,2450.4521484375,7633,86.768336974492
2023-07-17,2453.2673460047895,2477.889435320227,2442.5874097584096,2470.60546875,46844,91.4501627037913
2023-07-18,2477.8897339580526,2482.358345327224,2439.8618075676204,2452.46337890625,10018,86.75537909819013
2023-07-19,2462.2045460214417,2462.294005514823,2386.2381625688745,2396.828857421875,14144,76.25581704249359
2023-07-20,2396.024261035984,2423.595675566641,2393.432554179531,2405.497802734375,5140,77.36410383251985
2023-07-21,2400.135850523889,2413.7651149408603,2364.923062687629,2397.1865234375,7004,75.3053084871525
2023-07-24,2373.23460917492,2409.1176869780284,2364.0292267333075,2376.496826171875,9825,74.19462316307788
2023-07-25,2376.4969387966007,2403.2191469800646,2341.55231130077,2363.805908203125,12222,68.29918293390818
2023-07-26,2384.808741223584,2433.4720999759684,2364.387315502545,2424.35595703125,22012,73.809082114261
2023-07-27,2438.279748229317,2507.2192053965155,2423.9021544336733,2487.98876953125,23186,75.43731089504226
2023-07-28,2479.18963854663,2532.844396796217,2456.965737491385,2466.717041015625,27414,60.0572802711114
2023-07-31,2466.762542645526,2526.177469594677,2466.762542645526,2517.378662109375,45639,63.8498040450877
2023-08-01,2514.475510386421,2612.1699150370314,2502.592438690782,2560.46533203125,36875,65.87827402873451
2023-08-02,2573.2560235621804,2579.7416866181775,2467.0801429851745,2522.685302734375,19868,58.93039249200682
2023-08-03,2499.463389183835,2658.5685271337097,2499.463389183835,2630.448486328125,149660,67.01170085858598
2023-08-04,2666.8682426831115,2666.8682426831115,2550.805092535789,2560.556396484375,21671,57.77079427080587
2023-08-07,2583.415155707104,2591.7150139894366,2541.73404606475,2567.0419921875,9999,60.10181151309558
2023-08-08,2578.87979920657,2578.87979920657,2511.573167064726,2545.5439453125,15836,63.951212428948416
2023-08-09,2550.215327205526,2572.5300274519836,2503.7265529083065,2520.825439453125,12525,60.502811232121864
2023-08-10,2520.825396193462,2577.473623219408,2503.635933015812,2553.254150390625,13644,63.61491058394861
2023-08-11,2565.273268357919,2570.9880303268505,2540.7816211706263,2557.15478515625,12226,66.2356896210506
2023-08-14,2558.243494909811,2563.459309144624,2494.9280012979193,2550.17041015625,9464,66.9221039078617
2023-08-16,2526.903139242828,2653.0351746574265,2521.6419259576764,2606.682373046875,22066,66.67774334182397
2023-08-17,2634.9386612250846,2689.7272990468073,2567.0876776097875,2584.54931640625,17817,59.55825063461958
2023-08-18,2584.5490882545955,2584.5490882545955,2536.56369056352,2564.048583984375,6820,59.64929775321691
2023-08-21,2553.4811271927765,2564.00355363641,2517.2426027346396,2535.65673828125,5933,51.89576927965984
2023-08-22,2538.4231735334292,2571.577652584613,2523.5922528300734,2540.600341796875,10976,47.76261076681184
2023-08-23,2551.5306905508464,2581.5555013888734,2522.639530750089,2530.48583984375,7929,50.93696353551758
2023-08-24,2552.981943729392,2606.9542751928275,2500.098085583408,2511.708984375,10686,31.85967456422445
2023-08-25,2521.732637725554,2523.819007581038,2496.878239160544,2507.80859375,5603,39.906226553134395
2023-08-28,2507.808724066194,2531.6654488683557,2432.655777843979,2455.15185546875,16720,31.80411257817488
2023-08-29,2456.4216348213113,2493.6126566188277,2456.4216348213113,2477.103515625,7221,38.88642212978923
2023-08-30,2502.6834082286596,2531.6197461481297,2479.6432073709825,2515.156005859375,14245,49.11759117819172
2023-08-31,2526.268130829163,2530.803621189718,2476.377736863057,2492.251953125,6621,40.21531668203039
2023-09-01,2492.2517706674216,2519.011161835643,2467.306575510605,2482.319091796875,9804,38.22431378575132
2023-09-04,2476.3774236552244,2519.9181256096017,2467.85079143961,2510.75634765625,6556,44.190281244512
2023-09-05,2471.841998724383,2517.151498592593,2471.841998724383,2480.187255859375,9037,29.810214677500554
2023-09-06,2500.8695050054275,2500.8695050054275,2425.5803614017095,2450.026611328125,14094,29.065398190750116
2023-09-07,2450.0262713232614,2465.2201626528135,2419.23033886063,2433.8798828125,9290,29.46468943852976
2023-09-08,2433.8800801897037,2466.2182590250986,2433.8800801897037,2455.922607421875,8068,37.16406940868984
2023-09-11,2468.213953207391,2509.033368089542,2455.9227295454216,2496.469970703125,13663,43.62634061302898
2023-09-12,2509.0331169250294,2509.8948157499376,2413.0621023617427,2425.761474609375,10953,37.127873527863684
2023-09-13,2448.983374143299,2448.983374143299,2382.493042393772,2412.654052734375,20113,37.65264193881967
2023-09-14,2414.060174565548,2429.2086682722106,2390.2034506711257,2395.918212890625,7150,36.48514673383846
2023-09-15,2414.0603729791355,2414.9220719376194,2334.9160586673474,2354.19189453125,26046,37.47466352310602
2023-09-18,2386.4842300536293,2393.7864138282257,2340.494402075613,2354.373046875,16820,33.904303891496596
2023-09-20,2354.37301690827,2356.141813835009,2281.3516230107107,2286.885009765625,30519,22.208707996418937
2023-09-21,2281.3516818738644,2320.311500300249,2277.269740494766,2283.982177734375,14792,23.34568346380229
2023-09-22,2281.3514947691074,2295.3661147293724,2263.1641353797486,2285.977783203125,14257,24.351200643983518
2023-09-25,2308.5646905010635,2328.520848925827,2260.4884906595876,2275.727783203125,25860,17.765647612216867
2023-09-26,2287.1116711869017,2295.865078457364,2254.1385697220658,2265.477294921875,16350,18.814245451489413
2023-09-27,2265.477451686119,2284.0275631047234,2242.3464506779123,2271.691162109375,17193,22.160913337235968
2023-09-28,2283.075098740798,2293.461549059837,2201.527068869162,2220.303955078125,20192,19.96434754006954
2023-09-29,2244.9770035210363,2294.9581975131255,2222.390349370418,2275.54638671875,18070,26.799713867083838
2023-10-03,2285.614631011469,2290.422294376706,2254.5011274335893,2270.965087890625,24387,18.038063600816642
2023-10-04,2280.1722990200324,2293.91496720271,2261.2140385664625,2279.71875,19254,24.890885783292745
2023-10-05,2304.02912003313,2329.155692522695,2264.1168045679888,2271.691162109375,17278,25.333397130494802
2023-10-06,2260.4883739087245,2312.691911747351,2260.4883739087245,2274.865966796875,9268,27.762080317178402
2023-10-09,2243.2535374358545,2265.93098929024,2226.9257721006966,2237.2666015625,6584,28.189513683071553
2023-10-10,2248.4693127363344,2277.7232251259447,2240.5322047236496,2249.058837890625,12890,31.17098870783991
2023-10-11,2256.85984630974,2279.0837475294297,2240.532082148335,2251.508056640625,10706,41.75825800888651
2023-10-12,2252.3242830415115,2270.9651908116584,2241.439107287787,2252.77783203125,10440,42.674608005300335
2023-10-13,2252.778105683512,2262.892160799481,2231.46130057638,2251.32666015625,6600,41.84461143665526
2023-10-16,2242.255577147413,2257.222694945287,2222.2542423487507,2228.10498046875,10194,39.43662887103744
2023-10-17,2266.8378691957287,2272.280457116967,2231.778620586874,2242.572998046875,13485,45.01283258946133
2023-10-18,2262.1664694772408,2262.6200184839763,2226.9710222626895,2236.177978515625,14527,42.27347670707818
2023-10-19,2232.549607167252,2245.294378666608,2216.947565482755,2227.741943359375,7211,51.99023240500242
2023-10-20,2245.9746222136814,2245.9746222136814,2200.619722734407,2214.997314453125,6524,29.029099450886747
2023-10-23,2234.7719335248744,2239.3528227873007,2172.5451426424556,2212.00390625,12366,29.351946690651545
2023-10-25,2212.0041775049663,2230.055341612699,2177.942598611704,2189.7802734375,15815,21.219057916891927
2023-10-26,2196.0841681561487,2264.6608627344017,2140.4336195490755,2190.460205078125,16875,22.722786076177684
2023-10-27,2223.2972228860085,2223.2972228860085,2186.1062044697187,2196.40185546875,7996,24.1325578737426
2023-10-30,2214.5437144236703,2226.789537000867,2194.4967607320295,2200.891845703125,8189,34.659302687152376
2023-10-31,2219.0339751049946,2224.657938649848,2185.1991739887803,2191.775634765625,5578,25.28347442093687
2023-11-01,2181.5706810757565,2190.1881120405046,2137.2136776409984,2163.564697265625,30583,18.955781621122227
2023-11-02,2174.3140587396333,2289.5155128322212,2168.0551706837523,2216.4033203125,63965,40.58683939185638
2023-11-03,2182.4778471286204,2231.4611404556963,2182.4778471286204,2215.63232421875,23823,40.73022523287928
2023-11-06,2217.8548585610147,2231.415930888946,2195.1774060194907,2213.546142578125,10153,45.752847080273774
2023-11-07,2228.739619947633,2228.739619947633,2187.9656121773974,2214.044677734375,6773,40.939120617354405
2023-11-08,2225.111523143406,2230.055163238436,2196.1751838477567,2202.298095703125,11116,39.59318230903986
2023-11-09,2202.297937787088,2229.646853529547,2202.297937787088,2211.55029296875,5466,45.051255150512105
2023-11-10,2219.668940846538,2243.2534902793172,2196.2203675382307,2224.83935546875,20382,52.99810057577691
2023-11-13,2237.946796105562,2240.532114051721,2216.947565482755,2227.741943359375,3386,54.796803867029205
2023-11-15,2227.7873318688016,2238.8538833908115,2199.8940678296553,2218.988525390625,10488,59.69878219024164
2023-11-16,2213.9088814358665,2258.5834627045733,2207.876767675769,2239.35302734375,15121,64.3581577622883
2023-11-17,2249.6031777738463,2276.8615186351403,2239.398324648864,2250.60107421875,17910,65.43540353150908
2023-11-20,2254.1389330802936,2262.4387926806676,2215.587261186566,2231.86962890625,11501,58.160237388724035
2023-11-21,2243.072366145131,2282.0321876828943,2223.34298123721,2266.203369140625,18284,67.30661368152143
2023-11-22,2285.887153929902,2285.887153929902,2257.132189182285,2268.244140625,7870,77.7139887558383
2023-11-23,2284.9797098265053,2284.9797098265053,2249.1947404015823,2265.88525390625,6070,67.8793984389335
2023-11-24,2276.816017115228,2276.816017115228,2241.9835419312,2246.4736328125,4414,59.820973219061365
2023-11-28,2258.6740772572093,2258.6740772572093,2219.215313256933,2229.420166015625,10407,54.61494783164171
2023-11-29,2253.231640042354,2253.231640042354,2230.55418794853,2247.74365234375,7617,58.87703691889368
2023-11-30,2253.231641285585,2253.231641285585,2214.226423662686,2221.80078125,21487,54.779926975415535
2023-12-01,2232.9124728210127,2265.930750659973,2223.2971456635687,2251.009033203125,11522,58.80924272005529
2023-12-04,2267.7449692495493,2274.865777036781,2226.5174100004865,2244.341796875,14629,54.486613511625144
2023-12-05,2242.5278807029385,2281.3517237124897,2241.031257420286,2265.250732421875,11206,57.968837527749535
2023-12-06,2280.897874778288,2300.627255878478,2266.112133386022,2289.016357421875,16898,63.98548958038753
2023-12-07,2294.9578490112517,2376.5966657744975,2282.303876704841,2350.698974609375,39766,69.08720031405137
2023-12-08,2358.5455753963915,2409.161466135489,2290.42242767656,2323.66748046875,33313,61.882244762807716
2023-12-11,2323.077939972323,2335.77731176444,2273.505123667595,2287.29296875,16640,58.52395270737085
2023-12-12,2298.767716435254,2307.249171352718,2269.5592050111773,2282.4853515625,7499,52.75426721236325
2023-12-13,2285.841857228809,2299.7205027204423,2267.745294073999,2274.23095703125,12506,50.99188115223568
2023-12-14,2294.9581531375256,2297.6794473902582,2278.1314393828993,2283.982177734375,11316,52.9265683050185
2023-12-15,2295.4115005169083,2322.1708916511698,2287.7011674782225,2316.955078125,17482,60.91907331678218
2023-12-18,2328.520560561071,2342.1724297210776,2295.865032637347,2311.603271484375,15791,63.21089266203674
2023-12-19,2311.6032666209926,2381.9485390411032,2305.0268061501897,2365.03125,38683,66.94185439618569
2023-12-20,2374.1023014785596,2390.2032913921116,2325.5725572320785,2337.999755859375,27282,66.73198437156141
2023-12-21,2272.2805891285757,2373.8755695606715,2272.2351899347004,2362.35546875,12547,66.26048289970856
2023-12-22,2362.3551657784533,2380.224950574335,2323.077781410393,2327.477294921875,20605,61.21650510061234
2023-12-26,2339.133871811583,2339.133871811583,2313.145599323384,2318.996337890625,4309,57.50287992910943
2023-12-27,2322.170992580981,2371.8800096828145,2294.9126520675773,2338.407958984375,12151,56.97991189719131
2023-12-28,2338.4078653265497,2348.4313426029316,2316.8191099121573,2339.40576171875,7086,48.073670034006554
2023-12-29,2340.312850563875,2399.274220830019,2319.9031454717483,2365.212646484375,29202,57.11626039719479
2024-01-01,2365.2128652033125,2395.555251954239,2335.9135526697614,2352.967041015625,13402,62.262958799346826
2024-01-02,2358.227918074493,2386.1665794936844,2348.5220142085254,2379.907470703125,15791,66.80230643752753
2024-01-03,2379.9076943464224,2420.953880833794,2365.802496931056,2405.57861328125,21254,71.36959226182438
2024-01-04,2416.509390987591,2416.509390987591,2390.2035455151286,2405.306640625,18368,70.36708249622328
2024-01-05,2417.3710664212367,2423.2218049448115,2394.784412042971,2411.973876953125,10231,67.49635639615437
2024-01-08,2411.882998536478,2424.0382456953025,2346.6627351085604,2354.4638671875,12177,56.620480396541716
2024-01-09,2366.256171666067,2376.597001332341,2340.313077647878,2361.6298828125,5425,49.38699759058197
2024-01-10,2361.6296993397905,2361.6296993397905,2336.2763539268476,2343.170166015625,5492,50.961531476557845
2024-01-11,2354.917372664267,2493.6125780737325,2328.339355095701,2431.839111328125,23326,60.42745207523168
2024-01-12,2440.9100491091335,2460.9116053621324,2391.201253239606,2414.241455078125,7975,63.73302625375799
2024-01-15,2406.5310554310404,2486.355681468708,2404.71685938473,2462.04541015625,19678,70.13533547265696
2024-01-16,2462.725686539913,2481.820143853782,2449.1646156451798,2458.235595703125,13917,67.64157426790274
2024-01-17,2433.1090725472973,2474.5634079263077,2413.7878403562704,2461.954833984375,13983,67.89880895922819
2024-01-18,2440.093944705721,2473.656575171933,2391.6095944457547,2451.750244140625,13073,63.24272665865658
2024-01-19,2464.0408649564192,2464.0408649564192,2427.7569457465797,2445.626953125,9339,64.45038397544994
2024-01-23,2443.7677596324083,2443.7677596324083,2374.828301802792,2381.31396484375,19470,50.196445097329146
2024-01-24,2393.2422229220324,2400.907157133806,2350.200243387682,2371.154296875,38062,44.97418693478227
2024-01-25,2381.1323425192995,2389.25082564285,2328.611454862381,2353.692626953125,17145,42.8247058927346
2024-01-29,2353.6926502747237,2380.860192407619,2344.5308714441726,2364.26025390625,5164,43.43809240492814
2024-01-30,2371.3353918657444,2440.093460050509,2354.100530995499,2407.120361328125,19371,57.545742000354046
2024-01-31,2414.6496124092923,2449.119338345033,2354.010240579608,2369.521484375,35978,51.040152914448996
2024-02-01,2369.5213040940625,2399.7731103750675,2360.2689489703157,2385.44091796875,15686,55.609059190555946
2024-02-02,2385.4411050446324,2439.912387423013,2365.711722390494,2433.29052734375,14236,50.21599190239272
2024-02-05,2433.2904460007867,2489.984072422054,2431.022700943936,2477.511474609375,23915,58.72420818470595
2024-02-06,2484.7684069935326,2773.9059189873956,2476.3777497827305,2659.566162109375,292145,69.87680017531886
2024-02-07,2685.010308103097,2718.164787111606,2586.1820168991057,2599.244140625,71796,62.74078221212791
2024-02-08,2627.8176385958036,2627.8176385958036,2562.5519785145593,2577.92724609375,21074,60.15569313418592
2024-02-09,2594.300617181137,2621.513560718002,2547.8118386389924,2608.723388671875,11073,63.26763916161723
2024-02-12,2621.785402470269,2621.785402470269,2521.732448443373,2533.978271484375,13126,56.691398055042654
2024-02-13,2533.978173139253,2533.978173139253,2482.2281897825333,2491.888916015625,15035,58.666262547869515
2024-02-14,2491.8890863153692,2548.900064614167,2491.8890863153692,2543.185302734375,10495,62.66612357181453
2024-02-15,2563.4590172583194,2568.76562928548,2516.244520790806,2539.602294921875,11239,63.9735431831711
2024-02-16,2585.135349718591,2706.1259645142804,2498.8256776200233,2623.418212890625,42668,67.54698791675524
2024-02-19,2630.853158418543,2632.2385471275575,2578.069938799668,2594.41748046875,11467,62.92401041914097
2024-02-20,2607.3941716105464,2615.6140549644033,2567.633467944675,2606.793701171875,7951,66.96288285596296
2024-02-21,2607.3015365564015,2635.7482296614608,2562.969098102733,2582.73388671875,14005,63.94243675876371
2024-02-22,2576.8228532998305,2583.1955508069673,2531.0125790465945,2554.84130859375,7814,58.839159091086636
2024-02-23,2554.8416476288426,2563.3386539280805,2513.1415345024143,2524.732666015625,8467,53.50587750799171
2024-02-26,2539.9257278961213,2543.5276486333073,2469.686469629304,2477.7216796875,8969,33.11294433564302
2024-02-27,2477.721536339247,2477.721536339247,2392.1045573193537,2435.79052734375,30204,34.28400001126752
2024-02-28,2454.354991853811,2454.354991853811,2364.766505755107,2368.36865234375,17136,31.491940005002462
2024-02-29,2369.0149041145764,2384.5775288644563,2313.5993508019546,2323.851318359375,19252,25.43567283717225
2024-03-01,2323.8513426528602,2353.637202869775,2297.1131575108293,2305.979736328125,16460,28.201799349052436
2024-03-04,2346.4793591559187,2346.525358394963,2279.5188982412938,2301.77734375,16463,30.40444949301005
2024-03-05,2304.363253133949,2309.3967870865918,2262.894040696979,2265.3876953125,12686,20.4584952735524
2024-03-06,2273.884936339338,2283.0746374307428,2240.866501540747,2251.210693359375,19866,20.00768817493696
2024-03-07,2277.625509059878,2309.027656532446,2228.8597761228307,2233.893310546875,19348,2.9874239781245535
2024-03-11,2243.0369477013564,2251.025933030709,2207.386185226544,2214.497802734375,13456,3.058332936157697
2024-03-12,2213.8514645528094,2248.9479833901087,2179.6323135891475,2209.048828125,26629,0.0
2024-03-13,2202.7679865833447,2208.2633165469256,2093.7840778131836,2111.563232421875,57387,0.0
2024-03-14,2124.724600585399,2164.115731523165,2113.503041618011,2143.24267578125,15621,6.669953007721716
2024-03-15,2150.723854441787,2261.185621478545,2146.3367895170354,2211.911865234375,23068,19.541402606293715
2024-03-18,2207.386186170448,2303.4398110079906,2196.0259527510234,2288.939453125,22621,32.633837573967426
2024-03-19,2292.310321598551,2292.310321598551,2230.1065030650134,2246.08447265625,11336,32.57846502088245
2024-03-20,2252.7349391233265,2252.8733878272346,2206.2319586644694,2214.359619140625,5179,34.8643184587264
2024-03-21,2221.2401119786314,2272.0377028970615,2205.1234668663496,2247.5625,9373,42.331965509439556
2024-03-22,2247.5624954394034,2285.753138001534,2221.5172303368236,2274.3466796875,9594,46.87642384533828
2024-03-26,2281.181082781382,2281.181082781382,2209.7875611295563,2215.9755859375,10329,42.3463494436227
2024-03-27,2236.0176849713807,2236.0176849713807,2207.3863143666254,2228.998291015625,8861,46.612805214767846
2024-03-28,2230.4758643537584,2248.947714162071,2184.296239832977,2202.490966796875,24592,45.56683689382677
2024-04-01,2221.6557823647518,2251.718766697487,2203.784400783956,2232.415771484375,11458,49.868569527414934
2024-04-02,2238.7884935201737,2264.60286195171,2237.95735036321,2260.492919921875,5899,54.02914045744975
2024-04-03,2271.8067432583175,2271.8067432583175,2248.947827963819,2260.7236328125,7981,54.568443336280254
2024-04-04,2294.61907074821,2294.61907074821,2239.157302570758,2275.3623046875,9511,66.96641670076366
2024-04-05,2241.2355508004307,2292.864504558749,2241.2355508004307,2283.6748046875,5486,65.2860070624802
2024-04-08,2287.7386691811157,2304.732681333297,2239.7118582011326,2247.8857421875,7426,54.21764754710716
2024-04-09,2264.7412092385043,2272.0374996321757,2241.097151568079,2260.538818359375,22667,46.07827867553705
2024-04-10,2271.8530995260135,2290.5096247594206,2244.3762199548064,2279.426513671875,6929,54.93040628404865
2024-04-12,2290.8328535797928,2299.0527370155946,2247.100656486469,2268.066162109375,38354,58.45074426416422
2024-04-15,2253.5658408087484,2276.3323071616774,2204.6154352501976,2261.878173828125,15211,52.46187550434503
2024-04-16,2261.87791639417,2308.7964580830558,2240.8661880977356,2272.1298828125,9468,49.59579196284848
2024-04-18,2279.4726830972504,2308.0578279864235,2225.858089414678,2234.95556640625,13717,53.75071644849966
2024-04-19,2239.7121372767856,2257.3528467794144,2200.04387874685,2222.394775390625,9271,48.6926638761878
2024-04-22,2242.0212125281837,2267.4200110223237,2225.719892052905,2236.38720703125,9186,57.060502904265526
2024-04-23,2247.6085898687707,2255.2744527719838,2236.9410513186604,2248.94775390625,5174,53.71209920128059
2024-04-24,2260.2158030506616,2283.074720279193,2252.365265820661,2262.06298828125,6052,50.37793796669256
2024-04-25,2273.377062393002,2285.8917877830095,2236.3411327596,2257.306640625,7726,49.1950196586368
2024-04-26,2263.678949416245,2269.2667290314994,2244.329732009175,2255.412841796875,5351,45.00003059469977
2024-04-29,2255.4591919186532,2283.0745184804664,2235.8328505784048,2261.647216796875,5225,44.42107137689628
2024-04-30,2272.0374592434605,2282.5663231283047,2239.8041724755994,2262.6630859375,11250,54.5428344981627
2024-05-02,2284.8752567027504,2353.3135469883114,2269.266634595872,2330.0390625,31927,65.98681173533168
2024-05-03,2359.7787029919714,2392.0582139297403,2308.7502202756086,2322.41943359375,20907,60.430143701069554
2024-05-06,2332.0712121732804,2340.9837901757132,2267.465957749179,2276.84033203125,14085,51.825532360163066
2024-05-07,2287.738582542392,2327.4530593487393,2275.223859288684,2308.0576171875,14936,58.70169469381145
2024-05-08,2308.057713248568,2322.8351936055014,2293.695804429382,2312.9990234375,5810,57.85832851380887
2024-05-09,2312.675729888634,2320.249143651201,2254.951195895807,2276.470947265625,10643,58.00247537565944
2024-05-10,2278.6414833821264,2312.6759622382533,2259.615610358478,2304.178955078125,10994,64.8948695785179
2024-05-13,2308.981212426746,2332.0710245510136,2298.406123571121,2323.158447265625,9967,65.52118679226331
2024-05-14,2323.1582998699823,2336.7350634403674,2315.7233357403993,2330.45458984375,7915,64.85936982584576
2024-05-15,2349.01889343947,2381.944873323998,2320.295078715864,2358.808837890625,13828,66.70914183022134
2024-05-16,2370.6311720228914,2415.102063004075,2351.5590761057506,2363.242431640625,25200,68.31677317008719
2024-05-17,2363.242312732251,2429.0482784507353,2356.684715778355,2413.716552734375,35675,73.43453414425055
2024-05-21,2416.256359678666,2416.256359678666,2357.931585163844,2366.10546875,13657,63.77590018371688
2024-05-22,2373.124804773557,2385.1315077832755,2353.9602595849683,2370.076904296875,8654,64.05610339422851
2024-05-23,2378.2508391218194,2382.684128501747,2355.1610251497627,2368.87646484375,5474,56.14683025446991
2024-05-24,2369.0150530445635,2391.181275763109,2354.0066730788817,2375.75732421875,6689,58.461623073717355
2024-05-27,2393.028192442971,2396.2145415038926,2353.821735506605,2369.338134765625,7727,66.75591455200481
2024-05-28,2369.615028953879,2376.4497488078296,2333.9182686992217,2343.3388671875,7248,56.51432672247937
2024-05-29,2347.910651281631,2363.9812965362084,2331.7940067898894,2360.379150390625,4538,58.374117470396804
2024-05-30,2364.3969564675162,2364.3969564675162,2333.08725884013,2348.649658203125,5867,63.98282959756633
2024-05-31,2357.654694568994,2405.866181344063,2336.1811674419355,2369.52294921875,18058,63.00311026426073
2024-06-03,2399.2161228563205,2412.0541935273895,2369.522715033533,2406.14306640625,15817,65.43018206348299
2024-06-04,2409.6531169824357,2409.6531169824357,2280.39637644474,2339.921875,25755,51.443938200130184
2024-06-05,2346.8946026055937,2460.1268998713444,2334.7954515096767,2414.732421875,48848,57.47072379557112
2024-06-06,2414.732742549299,2456.6637544819796,2402.1717935676907,2448.166748046875,14734,60.529052739400115
2024-06-07,2450.106263914801,2502.981935291197,2375.202820905797,2454.40087890625,13404,55.66562019133024
2024-06-10,2454.909013263707,2521.4076772798794,2429.972014257642,2481.64697265625,14749,67.05758789420113
2024-06-11,2517.666880004443,2544.4972866909784,2473.5191142887043,2523.1162109375,12102,70.34131670849484
2024-06-12,2504.0901167012753,2598.9892442221812,2504.0901167012753,2584.95068359375,20665,74.73306266990986
2024-06-13,2594.186567140959,2607.2553103581304,2563.015321370889,2600.467041015625,15562,75.22288996495035
2024-06-14,2603.607315372828,2636.856646111892,2576.823132277471,2630.576171875,16263,77.84234818163509
2024-06-18,2604.5769685665023,2634.7783969882807,2564.8162679647553,2588.783447265625,15563,75.30714466598096
2024-06-19,2587.906410850163,2618.2002925912416,2541.819231272651,2561.953369140625,24509,70.37250700510961
2024-06-20,2562.9230022699794,2687.7466658602666,2562.9230022699794,2656.7138671875,28270,76.66058307024844
2024-06-21,2687.6082032454533,2710.651793192112,2630.576361002403,2695.458740234375,20132,77.36087798579729
2024-06-24,2684.883528542041,2721.272984623534,2670.6140688178766,2708.527587890625,12674,76.42886315305208
2024-06-25,2709.3124757647506,2722.0580978406497,2650.387226954766,2687.792724609375,11156,83.03076132054521
2024-06-26,2658.0991872419922,2699.383726463576,2651.172243564329,2670.798583984375,3426,77.31257170921435
2024-06-27,2660.3158801313234,2677.5872411360647,2608.225350715305,2618.2001953125,21014,67.42382204938814
2024-06-28,2631.314853590531,2650.710294771788,2598.3888733988283,2618.75390625,14273,67.04011015992427
2024-07-01,2650.710494157232,2669.1823442907316,2609.148831356857,2643.598876953125,10922,66.87518284384181
2024-07-02,2666.365453629297,2668.258863444506,2632.6543257249273,2649.186767578125,6549,64.19806379416059
2024-07-03,2648.8633704610643,2669.182406078269,2636.8566675963525,2643.691162109375,5341,57.576834005042386
2024-07-04,2652.2804367509784,2674.723778748679,2636.85648768214,2663.22509765625,3911,58.01201473385127
2024-07-05,2652.5578147516685,2731.1556312816883,2646.1388915994753,2719.01025390625,13537,60.59533183648207
2024-07-08,2742.146335670015,2743.716397939054,2632.469718168899,2655.190185546875,11507,57.557332503514694
2024-07-09,2668.4898477582074,2719.056541247785,2655.32865356229,2688.254638671875,12627,64.17244617631879
2024-07-10,2699.5683151270005,2770.7773840927607,2601.990861778443,2697.62890625,29755,55.679470564951224
2024-07-11,2729.21596957124,2733.0027891990703,2669.1824541661194,2675.832275390625,5721,47.141107453675914
2024-07-12,2678.4183410961873,2733.8338929809356,2656.159670894563,2664.564453125,14106,43.56232397412531
2024-07-15,2706.1259634781986,2733.0485940465524,2659.992564249298,2685.391357421875,15247,49.648454141779204
2024-07-16,2678.926366024397,2801.2099271686106,2668.120378488275,2787.309814453125,34646,63.66001188449371
2024-07-18,2761.5880631094515,2761.5880631094515,2683.036468395283,2710.4208984375,17154,60.2294958370976
2024-07-19,2692.2724009791573,2692.2724009791573,2616.49158384058,2624.4345703125,11824,50.529723527483334
2024-07-22,2646.9700460252943,2647.0162707504787,2592.200962248482,2599.405029296875,7205,45.88032932240204
2024-07-23,2592.2010543560577,2619.677933927925,2561.306927296076,2589.38427734375,8205,44.47101396607818
2024-07-24,2589.753663750023,2636.9031113203705,2589.338092175176,2611.411865234375,9150,47.10416896640542
2024-07-25,2627.765396028316,2650.9679143770363,2564.4008403794064,2611.0390625,9672,45.15161605237562
2024-07-26,2655.720322812326,2688.148111200997,2611.039038670218,2676.59326171875,11584,46.12947436239027
2024-07-29,2683.6748942788868,2759.059976525253,2683.6748942788868,2741.588134765625,20011,57.86689548774904
2024-07-30,2741.588449808963,2786.083411936519,2723.9769222906457,2752.025146484375,11456,56.05612354673809
2024-07-31,2775.693676008579,2778.722129033179,2725.607722140191,2772.991455078125,10308,57.002807157321044
2024-08-01,2772.991364392907,2917.564956901638,2756.311441011809,2899.627197265625,118943,67.40437376349476
2024-08-02,2890.541717152416,2980.9293852903215,2857.648015103669,2904.985107421875,45104,68.87080943253989
2024-08-05,2905.1249696498057,2935.269815740808,2800.2008581319483,2871.99853515625,35841,64.37259616198244
2024-08-06,2870.088106726442,2934.337853217756,2843.810499809159,2891.61328125,48654,59.19989250243226
2024-08-07,2888.678076549131,3028.4528221886058,2847.2115686760876,2991.78515625,37756,73.83811556791105
2024-08-08,2989.362505219469,3084.3626943697245,2982.4668146607746,3065.8193359375,49748,88.1685951753223
2024-08-09,3091.584454399174,3139.2475522606683,3030.5028442892685,3116.650634765625,35623,92.81792944889426
2024-08-12,3114.8336598077176,3137.52385184027,3065.8194507477674,3086.645751953125,16958,89.84530861004679
2024-08-13,3075.044714393884,3075.044714393884,2953.0680317221195,2984.37744140625,14706,76.48035433167772
2024-08-14,2991.2262958753736,3012.2391455200654,2946.032459909197,2977.0625,8458,75.73378867710002
2024-08-16,2958.4259590468905,3003.3402014159824,2948.315494118754,2971.797607421875,5361,72.67720147530832
2024-08-19,2971.79742242448,3051.7486226800875,2938.0651625375012,3019.18115234375,11213,71.91735324993456
2024-08-20,3052.0750986789226,3071.1776488361375,2982.793319670515,2994.16162109375,15781,68.687559188171
2024-08-21,3003.5730961309537,3030.176936063435,2982.793204191662,2988.7568359375,9630,67.06213007355959
2024-08-22,3014.5221734080596,3061.067121120016,2972.6827937621565,3017.13134765625,7293,61.00160236262769
2024-08-23,3026.4495643610985,3072.6216413664,2941.745929508455,3048.58056640625,11828,62.81820103606166
2024-08-26,3075.044615593315,3135.567039118807,2949.293972949177,3016.991455078125,11385,62.97531920992458
2024-08-27,3026.30976425109,3227.8650063048844,3021.0450061493493,3209.92724609375,34259,71.74136491216836
2024-08-28,3241.8423512005024,3334.839196541949,3224.137549627404,3286.756591796875,33096,70.81061286947703
2024-08-29,3283.821406778578,3283.821406778578,3196.182593659829,3230.800048828125,11246,61.94427544897902
2024-08-30,3230.799942555491,3246.967312323164,3196.229125606944,3228.936279296875,8009,58.74963283358115
2024-09-02,3261.2711979291576,3261.45751876566,3168.227713633984,3197.1611328125,9702,58.587995311682434
2024-09-03,3213.1882672352754,3298.683815272348,3203.636993476365,3270.169677734375,12145,73.26655374638412
2024-09-04,3269.79738391872,3335.8641594113633,3261.830177509321,3318.5322265625,13803,76.057747124381
2024-09-05,3377.8430892470046,3475.732049436491,3340.6164603833295,3435.849609375,48265,80.2404719198584
2024-09-06,3485.050361469406,3592.2110009263533,3388.139870134428,3513.33154296875,60860,80.98633811183029
2024-09-09,3510.1164980945973,3573.574323495354,3398.5762967826126,3519.434814453125,20903,83.73832027771967
2024-09-10,3534.6704960519996,3700.5365339607206,3531.6420431126553,3585.455322265625,57982,85.55723443263412
2024-09-11,3582.892854110054,3632.932170448096,3510.3032563354654,3525.585205078125,30730,79.20258049535212
2024-09-12,3543.383247596125,3604.324948644862,3504.7586423502494,3531.7353515625,11535,78.58010595568948
2024-09-13,3540.9603669316684,3558.7584429330645,3403.5618318775582,3438.971435546875,13203,73.27680058091336
2024-09-16,3462.6864398840853,3462.6864398840853,3378.8215906942123,3404.773193359375,9596,63.029662850173956
2024-09-17,3404.7730345110167,3485.0035999940915,3381.2442862526937,3440.042724609375,9144,60.8537814847135
2024-09-18,3470.094408909946,3519.3884394293896,3440.1361125222784,3485.935546875,8188,68.32664886089225
2024-09-19,3531.5954730563835,3547.4832488931534,3447.777257920848,3473.21630859375,8810,67.27744414886178
2024-09-20,3492.318820700747,3498.096131625254,3411.7153802677194,3454.3466796875,5309,68.52847501247038
2024-09-23,3474.5674190351165,3474.5674190351165,3410.550627340554,3430.35205078125,4742,62.4169703218461
2024-09-24,3430.351751610169,3446.798488528531,3383.4805761246052,3407.98779296875,4766,57.225630726708225
2024-09-25,3425.0405433814303,3463.5716460561216,3381.1511811592595,3428.534912109375,2967,49.29968767486771
2024-09-26,3410.5504753832934,3445.3542510048856,3357.3894342620933,3392.938720703125,6955,37.46846971847772
2024-09-27,3409.9449277344866,3596.870463002678,3409.9449277344866,3524.979736328125,27746,50.457277419531486
2024-09-30,3578.8856343012385,3655.435737888207,3485.9820678873384,3516.313232421875,14441,43.70225646572428
2024-10-01,3523.4418719448663,3695.7840941463605,3480.4845683732483,3666.431396484375,20149,61.017528554753625
2024-10-03,3666.431191837938,3666.431191837938,3513.005206637424,3559.03759765625,11635,51.843662437162486
2024-10-04,3514.2168734133274,3596.823661154773,3408.221019417308,3560.249267578125,20969,59.34512593760911
2024-10-07,3578.885844668091,3657.4392998432995,3509.837254512504,3541.51953125,11725,60.79438342779726
2024-10-08,3556.848134847828,3882.896173905639,3440.9747752484254,3652.174560546875,38532,64.96415733572515
2024-10-09,3648.95993974029,4332.0859018125775,3610.9413854956297,4043.078369140625,164101,76.4346705791782
2024-10-10,4005.990988764303,4053.374722901696,3861.510662039421,3925.061767578125,26036,69.49108274794548
2024-10-11,3886.6698263403277,3918.3056929717004,3830.7599271361996,3841.8486328125,11399,65.83642271062476
2024-10-14,3841.28934121476,3846.461279751893,3777.2261442358704,3792.368408203125,11553,64.49297615726809
2024-10-15,3793.06740388931,4100.059298353971,3791.762703068328,3913.22705078125,64208,68.74823340121904
2024-10-16,3882.01081986092,3930.04656147364,3815.1052590310296,3826.89306640625,8583,64.09400431162038
2024-10-17,3854.800924223825,3863.3275476776093,3702.167084466439,3720.757080078125,9323,61.04689217921788
2024-10-18,3767.8615362770915,3767.8615362770915,3627.7605470513,3644.254150390625,9791,54.175631069454816
2024-10-21,3634.1433037162537,3672.301762905684,3559.5967744092536,3572.269775390625,10043,51.87580000458315
2024-10-22,3590.1611657648937,3590.1611657648937,3454.300060429679,3466.13427734375,14404,43.08153883491952
2024-10-23,3480.344566036761,3480.344566036761,3405.937945488943,3433.473388671875,13617,45.426786489470814
2024-10-24,3462.8728672919683,3483.7924431507968,3416.0949621370937,3454.206787109375,6436,46.191944579752345
2024-10-25,3447.777111646778,3508.3461690135455,3373.230579503064,3459.611328125,13468,47.0302004333215
2024-10-28,3496.4652976217158,3530.7101106505916,3402.7695800118263,3481.183349609375,9359,43.37210503942594
2024-10-29,3498.6087275136233,3500.7983954928022,3429.140629319526,3485.09716796875,5240,19.10218477006825
2024-10-30,3485.097154041088,3568.8220948012868,3485.097154041088,3543.476318359375,5858,27.375693070912092
2024-10-31,3586.620323295153,4248.220850585243,3586.620323295153,4102.20263671875,437849,59.870704608420674
2024-11-01,4104.718073635644,4355.38076644109,4100.058915776806,4210.48095703125,60793,65.175178472977
2024-11-04,4210.01572985128,4210.01572985128,3960.284827770682,3990.52294921875,49441,52.61714943618749
2024-11-05,3963.079979196998,4197.901553322943,3878.6559413096766,3968.3916015625,126233,55.00873883534279
2024-11-06,3967.7392251256656,4007.6214383446204,3922.96489567094,3939.318359375,18418,58.183033733520844
2024-11-07,3956.743704133092,3996.6723260351537,3832.8565052095178,3893.239013671875,28129,59.53942863813474
2024-11-08,3877.397976623617,3897.339538297513,3773.9182519842484,3813.008544921875,12939,59.16557914031507
2024-11-11,3824.1909408942915,3829.083057387963,3556.335732970977,3600.22509765625,34900,54.72175941925822
2024-11-12,3643.461940647274,3674.9112604674388,3500.0064961819967,3511.1884765625,16328,52.63208986385643
2024-11-13,3494.3688587755123,3503.687175732247,3383.2945661508293,3412.414306640625,22884,48.6556204430008
2024-11-14,3422.3846946267035,3531.269313994857,3383.4807232154544,3397.73779296875,14255,48.021455969326844
2024-11-18,3475.732029703173,3489.5698206061347,3382.548865367967,3451.4111328125,23348,49.06711933592869
2024-11-19,3466.8451339895587,3513.9543930078153,3450.3665627403466,3462.61865234375,8400,49.298864439408334
2024-11-21,3461.811553538407,3481.8993416032395,3383.3595007163503,3448.989501953125,16613,46.96819051224073
2024-11-22,3471.451877259592,3475.251003801053,3424.0103309491597,3456.25537109375,17699,17.920691432891942
2024-11-25,3558.8318733423284,3592.9289421202348,3443.4809373278267,3459.484619140625,27836,8.358871019051804
2024-11-26,3461.9540180619097,3535.9894492463277,3407.864000973322,3424.53271484375,11902,10.516469921410902
2024-11-27,3423.9627574992264,3581.2939908996104,3395.469308754434,3544.96484375,24265,24.02426779646396
2024-11-28,3578.776977465531,3609.1699878898667,3497.428278253752,3547.671630859375,22069,25.170635759633655
2024-11-29,3551.233374455891,3566.429879936312,3483.941255873293,3521.0302734375,11845,25.80667582624227
2024-12-02,3478.290130767939,3537.034215507476,3422.3956227100066,3452.8359375,19166,26.216886597811836
2024-12-03,3486.031132025387,3608.2204471505897,3440.10909702012,3528.15380859375,14373,44.18533100224468
2024-12-04,3528.153748305311,3609.407612522644,3506.9735717380167,3526.776611328125,18254,51.46483716307644
2024-12-05,3546.5321157836397,3557.2171590425232,3443.0059188753426,3465.563232421875,11060,55.37382623892887
2024-12-06,3499.2803901176517,3537.509099461516,3451.601400243719,3490.02001953125,8446,59.14959333849729
2024-12-09,3531.9526787683685,3531.9526787683685,3400.218021356127,3406.3916015625,15452,45.78667602554682
2024-12-10,3444.4306373904237,3476.2007867291463,3361.372279722911,3400.883056640625,13869,44.15994250221599
2024-12-11,3399.2682974181093,3443.3380702709746,3395.469171072853,3408.76611328125,8544,46.15313131445207
2024-12-12,3429.6614763816974,3437.9720656695235,3369.8252335093503,3382.3623046875,11410,43.182602443636966
2024-12-13,3382.362225692726,3390.2454594376936,3328.0822993926263,3369.967529296875,7232,41.878478639536304
2024-12-16,3368.922806884641,3394.471838688906,3325.185318656507,3357.050537109375,7960,43.62263179291336
2024-12-17,3357.0505812910105,3385.781474525277,3289.8535334786347,3293.7001953125,10367,23.38262419528202
2024-12-18,3322.668426807383,3580.6764958876033,3315.165013324447,3541.640380859375,169471,49.579543884085915
2024-12-19,3470.786882421647,3522.5499786547107,3411.282927165019,3426.43212890625,18830,44.13012811268001
2024-12-20,3458.7249419834534,3485.6986480335613,3377.4235401654887,3412.75537109375,16537,47.33250184906676
2024-12-23,3419.2138029235557,3459.057095167679,3258.938155911514,3327.939697265625,19702,36.8414229055197
2024-12-24,3278.2187585881734,3371.7247116087033,3278.2187585881734,3309.4189453125,6615,36.029520915931734
2024-12-26,3309.41899161273,3323.1435215576234,3265.491591586363,3280.2607421875,7733,37.57797327902331
2024-12-27,3280.4981286619677,3285.6270884578335,3232.3442476579426,3237.85302734375,3853,33.49289454001496
2024-12-30,3265.3492450562485,3265.6817613789744,3203.2809227624184,3240.0849609375,5217,37.814881331434826
2024-12-31,3240.084944555229,3430.611231387147,3210.356965180599,3408.52880859375,12720,50.45222281876172
2025-01-01,3357.382713765154,3400.1704190378096,3336.9151068338074,3384.4990234375,6786,48.591577634823025
2025-01-02,3371.724873756685,3399.9333425216346,3337.0103079057526,3368.733154296875,12810,49.199096618286795
2025-01-03,3368.733029285873,3407.674075678555,3282.0179210646497,3324.283203125,7834,47.4128732104219
2025-01-06,3276.7465501246957,3327.65493710483,3223.1789601443324,3248.20556640625,14612,44.24756221144524
2025-01-07,3267.2486673901412,3602.5215684333734,3227.3103051815997,3448.467041015625,49180,57.14536266329479
2025-01-08,3472.591419014849,3482.0892349587007,3385.97138398298,3458.15478515625,17902,45.05847769835987
2025-01-09,3444.193147378428,3599.6723527559748,3433.4605686577434,3546.95947265625,24580,57.36420787329409
2025-01-10,3546.959438578865,3650.0107437297033,3479.1451240704237,3547.766845703125,36334,58.38098918669061
2025-01-13,3561.680863477131,3584.2857110667187,3466.7027071177404,3514.619140625,40150,62.38264535910917
2025-01-14,3518.9407509571756,3545.8196160247508,3450.651548164392,3516.99365234375,11643,64.0700296020928
2025-01-15,3547.244371385095,3547.244371385095,3362.2744045072136,3459.009521484375,94791,61.66045385237487
2025-01-16,3502.7946815918344,3580.344259596764,3459.294636187333,3556.17236328125,9820,69.380656623132
2025-01-17,3576.877461636678,3759.140455684378,3533.1875085736706,3647.778564453125,57667,72.38589502532687
2025-01-20,3713.218841091441,3726.2783385853563,3592.3591279204798,3667.581787109375,15047,66.99904934346384
2025-01-21,3706.0004427344907,3706.0004427344907,3607.318222587007,3620.900146484375,13925,65.06478502126622
2025-01-22,3566.42986507263,3603.4713470267798,3523.6896935870723,3538.6962890625,27164,59.985461484552246
2025-01-23,3540.5007391974214,3608.980083670388,3530.0531418474984,3588.037353515625,7081,65.40720666912534
2025-01-24,3602.236873654095,3685.152859365885,3572.8411775050563,3658.986328125,12685,74.14041561691162
2025-01-27,3647.208915685673,3663.735022937726,3561.6810353800256,3597.962646484375,15193,60.504518253138826
2025-01-28,3615.9135854195333,3715.5455814964057,3370.5849542529572,3454.640625,17181,49.79211366417215
2025-01-29,3442.9582337029374,3538.601192605197,3428.71150997727,3454.45068359375,7459,43.886522909485635
2025-01-30,3454.4509144501144,3609.170251698442,3454.4509144501144,3564.197998046875,5592,50.94918820728639
2025-01-31,3609.4074291614534,3609.4074291614534,3519.225715022046,3597.86767578125,4737,54.80616951449776
2025-02-01,3699.3995020737393,3699.3995020737393,3544.442719661968,3606.225830078125,5341,55.11627327516239
2025-02-03,3597.250506876826,3668.6740414337487,3561.8236045326807,3627.12109375,9138,60.06711752818957
2025-02-04,3655.6143636330735,3682.730675105597,3565.1003612671225,3593.64111328125,9817,52.42902625599612
2025-02-05,3593.6410658641744,3609.7873530991133,3508.1607216792036,3549.90380859375,5950,43.235107009488516
2025-02-06,3580.2967572398256,3580.2967572398256,3409.7634271973957,3450.7939453125,8261,36.4964817915414
2025-02-07,3500.08761136157,3616.720839579656,3336.9153160802784,3438.351806640625,29487,38.12259939955205
2025-02-10,3480.90205008834,3504.694125691651,3293.4152538400344,3444.003173828125,14760,43.15718867178224
2025-02-11,3466.7030108380277,3492.489489796668,3234.528933652617,3299.16162109375,9465,31.656755840845136
2025-02-12,3299.161369378999,3299.161369378999,3141.7350734321694,3250.294921875,14945,23.2998342484334
2025-02-13,3183.668026466108,3262.3575273306064,3105.833468197505,3117.658203125,16477,21.30619557725052
2025-02-14,3112.4342795567272,3153.274888046486,2959.7568885165247,3086.22021484375,23870,24.593937361399284
2025-02-17,3067.224560674183,3190.316346955754,3010.8551626806347,3174.929931640625,11882,32.821636044950864
2025-02-18,3174.9300535773523,3269.908215812643,3079.6669104793,3157.833984375,7139,21.816773052203246
2025-02-19,3165.2894971143196,3166.9991503383053,3043.1001893184202,3128.05810546875,18123,17.23958883074168
2025-02-20,3128.058159597603,3139.503074237024,3058.391818467021,3124.259033203125,8858,16.176795110604886
2025-02-21,3124.35423133706,3134.8966683828558,3027.476504333056,3093.486328125,13867,13.062944314097663
2025-02-24,3093.486349175312,3138.790887206472,3013.4672456887715,3109.34765625,11654,15.640190839906225
2025-02-25,3137.1285838895283,3181.7683185073934,3058.296712117554,3153.0849609375,34869,21.846367778375182
2025-02-27,3181.768233242281,3203.328228327303,3044.999688290971,3072.305908203125,7320,22.429784547532037
2025-02-28,3064.612839895452,3074.680618044514,2918.5839125576363,2954.058349609375,21263,19.43413426098276
2025-03-03,2954.0583091016324,2974.858434007048,2870.240080413193,2954.20068359375,7207,18.8699575060228
2025-03-04,2909.8935225799196,3001.310006153422,2909.8935225799196,2985.2587890625,4934,26.676080313988194
2025-03-05,2963.318648417648,3038.303860789212,2963.318648417648,3015.22412109375,11745,32.02874952125194
2025-03-06,3039.3013100436683,3125.873815544828,3027.191593886463,3099.375,7601,48.490321997980864
2025-03-07,3096.3356182774182,3185.6150906041394,3079.192013651391,3124.306640625,11084,53.17902489959708
2025-03-10,3158.023801653407,3158.45115699487,3064.042959255445,3127.915771484375,9049,45.42598199940904
2025-03-11,3067.8422346857606,3124.4966167970933,3020.447991690265,3049.4638671875,13755,40.581134599355956
2025-03-12,3049.7487995010865,3077.2924666407725,3001.30993660026,3018.406005859375,4401,40.490903016462944
2025-03-13,3018.4060918496957,3025.102098876332,2925.4225608157544,2967.5927734375,9408,37.43812586206829
2025-03-17,3001.642260251708,3003.209307081096,2934.920105342648,2973.24365234375,8056,39.95393423348963
2025-03-18,2973.24365234375,2973.24365234375,2973.24365234375,2973.24365234375,0,38.319162221169925
2025-03-19,3075.3926938300415,3086.9799824955967,3022.0150164898346,3060.291259765625,9257,42.587243716037975
2025-03-20,3086.980166459133,3153.274969728887,3084.1308216069688,3134.136962890625,9514,54.994655485916915
2025-03-21,3134.1369472298798,3229.2099475272103,3107.8753465121536,3205.845458984375,9089,71.99271032453812
2025-03-24,3208.8846359570725,3229.2574046781792,3145.866534734259,3185.282470703125,8593,69.48893663090956
2025-03-25,3212.636073273663,3212.825983206452,3124.8288158879554,3182.338134765625,6207,67.44867984480206
2025-03-26,3182.718071436633,3193.118133351308,3128.6280568851084,3157.73876953125,36894,62.73876176459806
2025-03-27,3158.0238758625896,3620.567523244569,3147.6238135346766,3530.765625,102925,75.42827144120247
2025-03-28,3467.652633963856,3467.652633963856,3364.601329996428,3417.314208984375,17679,65.63925182349064
2025-04-01,3414.464915694523,3433.4605480488735,3341.331731130273,3353.299072265625,3900,61.30108176608155
2025-04-02,3353.2989577401854,3373.3867455167406,3286.624104949343,3313.360595703125,20781,63.76379950395767
2025-04-03,3322.858679226303,3423.962890747634,3305.2877184832155,3375.428955078125,10004,68.03742260157387
2025-04-04,3376.473598466465,3376.473598466465,3199.6718458305204,3327.749755859375,14131,68.25356365707029
2025-04-07,3238.755304683273,3261.2175471088044,3058.2967979707155,3232.201904296875,14603,62.02850435272112
2025-04-08,3261.1701004033234,3318.5368146357614,3232.2017624392734,3307.329345703125,13674,64.50574679502196
2025-04-09,3316.827371955898,3336.39296634527,3161.2530941146406,3170.03857421875,12663,54.56593153332213
2025-04-11,3220.6617476481088,3349.879575789445,3182.2431297653916,3334.16064453125,30580,57.74035871634849
2025-04-15,3348.929824958699,3377.3282012270874,3229.257346812132,3307.329345703125,14473,54.0684506809559
2025-04-16,3314.73781291868,3369.350255395134,3283.395019845237,3338.767333984375,7671,56.09996161532344
2025-04-17,3338.4824866391605,3366.1212252977325,3297.0719141096733,3319.011962890625,9834,55.360213682382614
2025-04-21,3333.638338783219,3351.3043692619176,3296.6919273652024,3309.893798828125,18452,56.04072466170208
2025-04-22,3309.893758514111,3336.5827138506784,3278.171146272592,3305.52490234375,8945,37.35671595237743
2025-04-23,3305.5250751310805,3305.5250751310805,3228.7826725433742,3242.934326171875,9868,39.6189054344578
2025-04-24,3342.28144968496,3361.9418824246995,3289.093680096339,3330.4091796875,23074,48.67435816154062
2025-04-25,3359.3776019139336,3418.168991649374,3279.121054737873,3389.0107421875,21598,54.28848701993035
2025-04-28,3338.197405260619,3442.863293152171,3316.4474989680093,3386.161376953125,20240,50.65219261936342
2025-04-29,3343.2312838772923,3428.7116292037003,3328.6995787957476,3367.640625,12447,52.51316855223908
2025-04-30,3396.039371439309,3396.039371439309,3248.2532534708034,3280.830810546875,13646,53.097781424633574
2025-05-02,3261.5499764004244,3290.803295715655,3209.7868798035042,3276.841552734375,8824,47.86428482496022
2025-05-05,3292.892983116543,3371.534950173895,3245.59381053362,3336.867919921875,17118,63.10528716127451
2025-05-06,3343.2313144406357,3383.5970334360127,3276.746600801191,3321.956298828125,16982,48.747722231769465
2025-05-07,3238.9452100028543,3314.8329000033077,3230.492246399979,3301.2509765625,7450,49.36836288854803
2025-05-08,3301.2510077365437,3357.2881234279726,3255.8513998342114,3267.248779296875,9975,42.60750585211782
2025-05-09,3185.567511472744,3290.708289044224,3185.4724405598863,3257.37109375,5346,43.49569137631224
2025-05-12,3286.2444256183967,3372.5794826607103,3271.522810416927,3326.13525390625,8691,51.52218233238834
2025-05-13,3326.135087831994,3362.9866594530163,3276.0816450222264,3310.1787109375,7221,50.42689219258924
2025-05-14,3338.9573243783607,3415.2248357373733,3319.4868009393745,3337.15283203125,10049,59.24683349283077
2025-05-15,3375.523705814592,3375.523705814592,3253.3817029421266,3302.485595703125,14816,46.94260191193303
2025-05-16,3461.954008081663,3466.7029161860273,3334.6832708846964,3417.694091796875,35613,52.794215927603965
2025-05-19,3495.19646910579,3556.9322763046694,3420.163718817921,3433.270751953125,47466,54.47816061223808
2025-05-20,3479.8099168984727,3479.8099168984727,3400.2181714259114,3417.504150390625,30287,54.76491653738029
2025-05-21,3417.504102082595,3438.1143163984293,3353.5837541137257,3420.638427734375,24153,65.90311257248229
2025-05-22,3419.2136326584837,3442.9581717741676,3407.0563822552003,3424.722412109375,7994,66.81781935865058
2025-05-23,3433.7456270437583,3437.6395926595196,3396.324091108045,3415.414794921875,5788,60.097647079501144
2025-05-26,3402.592624051024,3444.762834860076,3271.047870825325,3293.74755859375,29885,47.15461089316892
2025-05-27,3259.650504851825,3294.98233457731,3229.447403098646,3251.387451171875,12001,45.180842574489645
2025-05-28,3279.5959814916228,3291.183271047856,3189.366726281167,3204.563232421875,10883,44.088153650903585
2025-05-29,3214.7257546390924,3218.430042029721,3174.170126449205,3181.4833984375,6109,43.016955062076306
2025-05-30,3209.3119993532,3209.3119993532,3158.023793385437,3177.779296875,9184,34.49168573094006
2025-06-02,3149.5710732114985,3205.51312054836,3128.770715612211,3143.58740234375,7792,33.22500041792577
2025-06-03,3172.270742892064,3238.185497312616,3144.9169847210087,3166.761962890625,11686,32.7100997824397
2025-06-04,3191.2661151301436,3208.267112693759,3132.4747279636335,3142.0673828125,11207,33.38579165113735
2025-06-05,3169.42113124863,3174.45501999676,3120.9822706871437,3129.72021484375,9510,12.10000751868587
2025-06-06,3129.9103599438586,3157.074207914491,3073.1136027184584,3077.007568359375,13933,7.287593254312057
2025-06-09,3103.7912825465,3119.7476602377787,3049.7488007845536,3099.80224609375,9582,12.541946864139078
2025-06-10,3115.2838406274404,3123.8318755559917,3044.5251070522136,3064.850341796875,11314,10.979123289549207
2025-06-11,3091.5391022438225,3091.5391022438225,3042.7204208468283,3063.045654296875,6842,10.133971436075626
2025-06-12,3063.045700322723,3086.6951697219415,3048.7989761351755,3066.749755859375,9287,11.087509046045454
2025-06-13,3067.699429981363,3118.9876352594233,3029.803237722459,3075.677734375,19523,17.478715130825847
2025-06-16,3075.677801500594,3100.8470138993216,3048.7989358458976,3083.56103515625,5236,22.10291877255878
2025-06-17,3110.5348306282926,3154.794747229955,3047.469423302933,3064.9453125,9161,24.390224241995426
2025-06-18,3049.843800912596,3086.695141638213,3027.90375311128,3072.7333984375,4185,28.86670424203089
2025-06-19,3072.733233741161,3079.001884742763,3012.612015063112,3030.088134765625,7180,25.072091710380462
2025-06-20,3015.556657166226,3067.984556451769,2910.2259677829884,2943.84814453125,67345,21.325287016306206
2025-06-23,2951.9213100117263,3116.328603138044,2929.316460811256,3097.807861328125,42331,42.80333491313632
2025-06-24,3114.3339718658285,3135.8939685398955,3047.944328529676,3068.45947265625,13355,42.39153256496135
2025-06-25,3095.3381498225726,3103.1263123537133,3053.4526896549473,3079.001953125,9357,44.73788463681773
2025-06-26,3079.0022086506856,3172.2707205864826,3016.791510387687,3029.138671875,26543,45.00397244210656
2025-06-27,3053.5479507142463,3362.2269815018453,2978.610272607462,3246.923583984375,1245810,60.913077351302036
2025-06-30,3247.303207954725,3276.7464368071956,3234.0062658923193,3243.7890625,79439,63.93077690662865
2025-07-01,3238.8505028498107,3276.2718071704653,3217.4804156889654,3247.303466796875,57103,64.30679383142733
2025-07-02,3272.9473533308314,3272.9473533308314,3230.777143561788,3262.499755859375,56510,64.93261816962789
2025-07-03,3255.8514064557726,3298.0216178012793,3239.8950287995367,3245.40380859375,57676,62.78804454196153
2025-07-04,3273.897138585328,3300.9659138825955,3238.94512972017,3268.67333984375,60507,63.63127422984074
2025-07-07,3258.8905076208985,3452.456039805001,3249.202781890759,3427.76171875,109913,72.13722764478092
2025-07-08,3428.711628490679,3512.29241057023,3373.149404040068,3499.5654296875,82321,74.15610642534656
2025-07-09,3499.94528079885,3552.468250927464,3398.5085570851234,3465.563232421875,2240180,74.88873571173424
2025-07-10,3465.563079970524,3465.563079970524,3387.965971160032,3420.258544921875,108541,78.564910329951
2025-07-11,3404.967047450786,3479.9047231906893,3372.864382886771,3459.674560546875,59892,75.15182327072158
2025-07-14,3460.054508782973,3471.4518884440754,3424.912588161241,3453.595947265625,44670,77.66407536462654
2025-07-15,3452.4559984463904,3466.7027219612996,3393.569541251431,3422.06298828125,49342,73.92051292701643
2025-07-16,3442.0085236818422,3442.0085236818422,3324.235605101117,3329.744384765625,107371,69.7886488899832
2025-07-17,3339.242321576873,3461.954062548204,3329.744505218716,3436.405029296875,65311,64.61109056995068
2025-07-18,3436.3098536003113,3465.2781926093794,3398.128679380807,3450.1767578125,42722,65.65788128397871
2025-07-21,3450.176746136972,3536.9866919576134,3430.0411906355716,3505.548828125,55139,68.1629785160375
2025-07-22,3529.2933548278797,3669.9561025455682,3490.5424510505613,3633.95947265625,132792,72.53659254791492
2025-07-23,3628.2607497122267,3696.929773259662,3556.4571686571458,3577.0673828125,71095,69.19522955815594
2025-07-24,3591.3141892194903,3718.869906239913,3577.4475167958485,3678.029296875,67582,71.73692431029244
2025-07-25,3699.5662754484097,3699.5662754484097,3589.5844374760286,3605.569580078125,23368,60.3982957269531
2025-07-28,3607.483871033737,3652.089108184067,3522.963334568026,3599.921875,27668,56.36109792308745
2025-07-29,3599.9220207357425,3646.920485827264,3581.352492840606,3622.511962890625,21072,60.094237292819585
2025-07-30,3622.5117702024,3702.437713606258,3616.002784360721,3654.386474609375,31914,65.32276310424211
2025-07-31,3627.7763685022983,3698.2261561003997,3589.4884912621683,3609.972412109375,15472,59.77247819201692
2025-08-01,3630.7437608205346,3635.721138107657,3469.3602652946965,3480.272216796875,14744,51.49428984513083
2025-08-04,3480.272261684457,3618.204434254937,3452.4179709367313,3562.68701171875,152070,57.45234219943952
2025-08-05,3589.4884514837718,3621.075949856829,3410.971225829979,3533.492431640625,85792,61.57179724534897
2025-08-06,3560.6769632433593,3566.4201451408076,3509.1799525154424,3537.800048828125,63941,56.51629127734459
2025-08-07,3547.2761177607094,3573.79066048411,3459.3098106830803,3469.7431640625,44435,51.17544633638087
2025-08-08,3522.4847762120253,3522.4847762120253,3437.2942476568974,3488.60009765625,80812,48.935089255418426
2025-08-11,3519.699951171875,3540.0,3405.39990234375,3452.800048828125,79907,37.118397438501425
2025-08-12,3441.0,3443.800048828125,3383.199951171875,3425.199951171875,32576,38.731849653413924
2025-08-13,3435.0,3453.300048828125,3415.0,3431.300048828125,26154,28.694139746295306
2025-08-14,3449.800048828125,3452.800048828125,3408.0,3421.0,40354,32.14502829174006
2025-08-18,3420.10009765625,3456.89990234375,3405.5,3448.10009765625,21390,35.89829644458433
2025-08-19,3448.10009765625,3448.10009765625,3392.0,3402.39990234375,18758,30.39685124699021
2025-08-20,3402.39990234375,3419.800048828125,3351.0,3362.60009765625,33426,24.375278458036078
2025-08-21,3379.89990234375,3406.0,3360.10009765625,3398.39990234375,9777,31.1342306863379
2025-08-22,3398.39990234375,3410.199951171875,3381.0,3399.60009765625,8940,40.66794357719839
2025-08-25,3382.10009765625,3448.0,3382.10009765625,3422.39990234375,17306,31.17538834099051
2025-08-26,3412.0,3460.0,3397.60009765625,3425.39990234375,19870,34.39870382390272
2025-08-28,3432.300048828125,3470.0,3429.39990234375,3464.199951171875,24788,40.339015423426375
2025-08-29,3465.89990234375,3465.89990234375,3376.10009765625,3410.60009765625,20754,41.930422755908026
2025-09-01,3415.0,3440.0,3391.60009765625,3407.60009765625,10344,38.44837743322345
2025-09-02,3428.0,3440.0,3393.699951171875,3421.800048828125,14400,45.2887537993921
2025-09-03,3439.800048828125,3439.800048828125,3361.0,3373.60009765625,25712,42.62015515785695
2025-09-04,3399.0,3429.0,3380.199951171875,3417.199951171875,26793,48.17875072529579
2025-09-05,3420.5,3421.0,3381.0,3382.800048828125,9344,45.35505823580856
2025-09-08,3400.60009765625,3424.0,3368.800048828125,3417.10009765625,16601,46.29540590186279
2025-09-09,3415.89990234375,3419.800048828125,3384.10009765625,3395.5,4397,49.12504256834154
2025-09-10,3409.10009765625,3415.89990234375,3385.10009765625,3391.199951171875,5716,53.985491714654515
2025-09-11,3391.199951171875,3407.60009765625,3356.10009765625,3363.5,30141,45.02424700619437
2025-09-12,3374.800048828125,3385.39990234375,3351.10009765625,3366.199951171875,13524,45.25834789606886
2025-09-15,3379.89990234375,3399.89990234375,3357.0,3385.39990234375,20857,44.69305199935008
2025-09-16,3389.89990234375,3405.300048828125,3361.0,3380.5,7152,43.59486948732487
2025-09-17,3401.800048828125,3419.89990234375,3370.0,3379.10009765625,22109,36.41008846314296
2025-09-18,3365.10009765625,3409.0,3365.10009765625,3398.10009765625,14383,47.7558308948449
2025-09-19,3380.10009765625,3398.199951171875,3365.199951171875,3374.800048828125,21937,44.51136260573927
2025-09-22,3395.0,3397.60009765625,3375.0,3376.300048828125,4877,42.04822402599619
2025-09-23,3376.300048828125,3399.800048828125,3376.300048828125,3392.699951171875,11706,53.75538468775771
2025-09-24,3400.199951171875,3417.0,3373.0,3390.10009765625,62097,43.6474661630469
2025-09-25,3410.0,3410.0,3373.300048828125,3397.699951171875,54619,53.99462234684553
2025-09-26,3408.0,3408.0,3345.0,3354.60009765625,64792,33.99891992709507
2025-09-29,3350.10009765625,3351.199951171875,3260.10009765625,3291.10009765625,146569,27.99320274031257
2025-09-30,3318.0,3322.0,3252.89990234375,3309.5,35655,33.74447815598826
2025-10-01,3280.0,3324.39990234375,3261.10009765625,3316.199951171875,71707,39.730733961974124
2025-10-03,3319.5,3386.0,3302.10009765625,3343.800048828125,59822,45.61129096447322
2025-10-06,3350.0,3350.0,3303.300048828125,3312.60009765625,26041,36.377242226218144
2025-10-07,3321.0,3344.0,3311.10009765625,3333.800048828125,18429,41.76365576341292
2025-10-08,3338.89990234375,3359.89990234375,3327.800048828125,3348.10009765625,21781,44.77056995911213
2025-10-09,3359.89990234375,3359.89990234375,3323.0,3329.60009765625,24744,38.425120709172575
2025-10-10,3329.60009765625,3359.199951171875,3328.39990234375,3344.89990234375,218085,44.807184318647266
2025-10-13,3349.89990234375,3356.89990234375,3325.10009765625,3338.800048828125,18135,43.589722187907945
2025-10-14,3349.800048828125,3378.39990234375,3303.199951171875,3353.5,114349,43.2599593825271
2025-10-15,3359.89990234375,3440.39990234375,3303.0,3392.199951171875,72401,50.32117755394223
2025-10-16,3399.199951171875,3407.0,3355.199951171875,3389.800048828125,63013,48.77216016028171
2025-10-17,3373.10009765625,3411.0,3373.0,3395.39990234375,28251,57.17802900144319
2025-10-20,3395.39990234375,3395.39990234375,3320.0,3350.60009765625,15577,61.20531428508373
2025-10-21,3340.0,3394.0,3340.0,3370.699951171875,3563,61.45213061939043
2025-10-23,3390.699951171875,3390.699951171875,3328.0,3334.10009765625,8844,53.01248975895644
2025-10-24,3345.0,3365.89990234375,3257.199951171875,3283.5,29647,40.58102774335018
2025-10-27,3290.0,3290.0,3241.199951171875,3249.699951171875,19366,40.254052316014445
2025-10-28,3250.0,3300.0,3235.60009765625,3284.199951171875,25920,42.61901163449717
2025-10-29,3285.0,3320.0,3259.0,3303.800048828125,43165,43.51008361463589
2025-10-30,3303.0,3303.0,3246.300048828125,3270.5,26957,41.701734972733796
2025-10-31,3299.5,3299.5,3222.699951171875,3241.699951171875,77099,36.03894366722836
2025-11-03,3269.89990234375,3280.0,3231.10009765625,3261.199951171875,55970,39.86942603294564
2025-11-04,3232.0,3260.0,3232.0,3239.60009765625,45461,35.39368126294593
2025-11-06,3259.0,3259.0,3202.5,3217.39990234375,32484,26.593437488762262
2025-11-07,3250.0,3286.199951171875,3156.89990234375,3262.300048828125,45890,34.671792505661784
2025-11-10,3261.89990234375,3310.0,3216.10009765625,3299.39990234375,12145,39.271343210280754
2025-11-11,3299.39990234375,3319.39990234375,3267.60009765625,3306.300048828125,14968,44.59096185386985
2025-11-12,3319.300048828125,3330.0,3270.300048828125,3310.300048828125,15991,42.32335506228249
2025-11-13,3335.0,3355.0,3306.39990234375,3350.10009765625,16668,52.01714275864956
2025-11-14,3324.0,3363.39990234375,3315.5,3359.300048828125,12384,60.67003871741101
2025-11-17,3380.0,3387.89990234375,3299.89990234375,3328.0,20079,61.100078149822
2025-11-18,3360.0,3403.699951171875,3306.300048828125,3381.699951171875,581622,63.108348694679464
2025-11-19,3430.0,3430.0,3326.5,3371.60009765625,35221,59.35430759146343
2025-11-20,3400.0,3404.699951171875,3355.0,3393.89990234375,15004,67.55832906052382
2025-11-21,3393.0,3423.5,3364.0,3385.0,21386,71.6138996025255
2025-11-24,3385.0,3397.699951171875,3334.60009765625,3356.60009765625,18049,64.01296155641955
2025-11-25,3356.60009765625,3406.5,3336.10009765625,3397.5,13423,71.94885056301032
2025-11-26,3393.0,3443.199951171875,3384.60009765625,3418.800048828125,25174,78.06582959262896
2025-11-27,3410.0,3445.800048828125,3314.800048828125,3400.60009765625,17641,70.82208870386148
2025-11-28,3400.0,3400.0,3281.5,3310.800048828125,20604,51.48130970682155
2025-12-01,3310.800048828125,3335.0,3263.60009765625,3299.5,15705,49.126405676716466
2025-12-02,3319.800048828125,3745.0,3293.39990234375,3482.800048828125,2524832,65.17151698850884
2025-12-03,3413.199951171875,3647.89990234375,3352.0,3529.60009765625,1811906,65.59514789716474
2025-12-04,3560.0,3628.0,3486.10009765625,3541.699951171875,607790,65.76764238596206
2025-12-05,3530.10009765625,3544.0,3460.39990234375,3513.39990234375,140508,66.11053972359554
2025-12-08,3520.0,3582.39990234375,3451.5,3489.699951171875,113292,59.90100073591423
2025-12-09,3468.89990234375,3618.0,3407.5,3565.89990234375,110486,65.88715943054302
2025-12-10,3570.0,3661.0,3485.0,3516.5,60180,59.59913659955408
2025-12-11,3516.5,3629.89990234375,3511.199951171875,3549.800048828125,67966,62.42836421670416
2025-12-12,3549.800048828125,3624.89990234375,3532.0,3601.199951171875,55042,67.82798400629214
2025-12-15,3617.60009765625,3677.0,3617.0,3633.89990234375,76572,67.43877032044458
2025-12-16,3633.89990234375,3679.699951171875,3591.0,3624.0,44742,65.39616269650968
2025-12-17,3252.0,3275.0,3080.199951171875,3132.699951171875,10227719,38.244835283780596
2025-12-18,3148.0,3154.5,3087.5,3112.10009765625,559154,40.71755429525038
2025-12-19,3130.0,3158.0,3102.5,3149.39990234375,349508,43.15423737796858
2025-12-22,3135.0,3165.39990234375,3131.10009765625,3150.39990234375,70202,31.816169975433667
2025-12-23,3157.0,3159.0,3127.60009765625,3150.5,88158,28.14479439306531
2025-12-24,3153.0,3170.0,3130.0,3136.0,156377,26.675853643542112
2025-12-26,3149.0,3152.10009765625,3120.0,3123.800048828125,28461,27.178998170374015
2025-12-29,3123.89990234375,3184.89990234375,3101.39990234375,3147.10009765625,102916,29.922640108392557
2025-12-30,3147.10009765625,3214.0,3125.0,3206.199951171875,284143,28.489401730914835
2025-12-31,3206.0,3223.39990234375,3155.0,3177.300048828125,56651,29.205479698086762
2026-01-01,3175.10009765625,3193.89990234375,3141.0,3185.89990234375,44106,26.994529750213218
2026-01-02,3199.0,3218.89990234375,3163.0,3211.60009765625,41747,24.542594943554406
2026-01-05,3201.699951171875,3201.800048828125,3162.0,3182.800048828125,33727,20.373038624140264
2026-01-06,3182.800048828125,3203.0,3141.0,3179.0,162109,20.53759450269584
2026-01-07,3180.10009765625,3224.0,3153.0,3171.5,304148,57.148138852681555
2026-01-08,3171.5,3174.0,3150.0,3161.10009765625,49706,59.37979612552507
2026-01-09,3132.39990234375,3160.800048828125,3111.199951171875,3133.89990234375,40508,46.913581447264285
2026-01-12,3129.0,3149.0,3080.39990234375,3138.300048828125,36481,47.622820843162096
2026-01-13,3138.300048828125,3148.0,3083.0,3102.60009765625,22729,41.74424573953293
2026-01-14,3096.0,3124.199951171875,3085.0,3111.0,28935,45.598591549295776
2026-01-15,3111.0,3111.0,3111.0,3111.0,0,47.645318887301
2026-01-16,3095.0,3108.0,3066.5,3088.800048828125,64673,39.23161076022716
2026-01-19,3104.0,3104.0,3044.0,3060.0,33097,19.59237477391109
2026-01-20,3042.199951171875,3071.800048828125,2960.0,2972.89990234375,54847,15.773624830037932
2026-01-21,2960.0,2992.800048828125,2921.0,2946.5,82967,12.168203732167882
2026-01-22,2959.89990234375,2975.89990234375,2916.5,2934.60009765625,21066,4.2300213804510065
2026-01-23,2923.0,2956.60009765625,2910.0,2938.60009765625,20440,6.047532712465156
2026-01-27,2959.89990234375,2969.89990234375,2851.5,2901.0,45485,5.391541579893342
2026-01-28,2916.60009765625,2916.60009765625,2811.0,2828.199951171875,52455,4.457426982937378
2026-01-29,2817.199951171875,2852.10009765625,2746.699951171875,2787.0,40449,4.1206869707893645
2026-01-30,2788.0,2817.0,2733.5,2800.0,51477,7.573074670425669
2026-02-02,2720.0,2845.0,2686.5,2819.10009765625,58325,10.901520167321863
2026-02-03,2859.89990234375,2879.800048828125,2788.0,2852.800048828125,57053,19.251590490414983
2026-02-04,2856.89990234375,2896.0,2797.60009765625,2893.199951171875,21623,25.148325753384512
2026-02-05,2880.0,2893.89990234375,2799.300048828125,2823.300048828125,41984,21.68864061057758
2026-02-06,2823.199951171875,2940.0,2808.199951171875,2918.60009765625,29318,35.357883218271056
2026-02-09,2918.60009765625,2988.89990234375,2890.0,2975.5,28351,43.06581100552473
2026-02-10,2940.0,3033.0,2940.0,3022.300048828125,19760,54.34096376805687
2026-02-11,3022.300048828125,3035.0,2989.10009765625,3001.10009765625,13261,54.84215294172667
2026-02-12,3001.10009765625,3020.0,2977.60009765625,3000.300048828125,9562,55.94354595405456
2026-02-13,3000.0,3019.800048828125,2889.300048828125,2950.89990234375,28914,51.02823964882289
2026-02-16,2950.0,3028.0,2921.800048828125,3021.60009765625,27490,59.55323671886241
2026-02-17,3039.0,3041.0,2993.5,3034.5,16905,68.05531517556287
2026-02-18,3034.10009765625,3074.800048828125,3017.699951171875,3066.300048828125,20127,74.85317458765707
2026-02-19,3086.89990234375,3087.0,3000.10009765625,3040.199951171875,16277,70.88694340737797
2026-02-20,3039.0,3079.800048828125,3030.300048828125,3054.39990234375,17785,70.6367097335052
2026-02-23,3079.0,3097.699951171875,3042.39990234375,3086.10009765625,25068,70.53334874700197
2026-02-24,3086.10009765625,3119.39990234375,3079.89990234375,3117.800048828125,30662,70.0750751537116
2026-02-25,3121.0,3125.0,3072.39990234375,3091.0,17046,75.92481819510141
2026-02-26,3091.0,3091.0,2955.0,3028.5,36373,61.36502495937726
2026-02-27,3008.5,3029.89990234375,2889.0,2935.300048828125,283562,46.13313681865086
2026-03-02,2778.60009765625,2938.699951171875,2778.60009765625,2892.89990234375,31299,37.44664463372083
2026-03-04,2872.89990234375,2930.10009765625,2829.800048828125,2894.5,21611,39.24970454993106
